[[0, 0, 1, 1, 0, 0, 1, 1, 0, 0, 1, 1, 0, 0, 1], 134.98636176964393, 1.020798683166504, 0]
[[0, 0, 1, 1, 0, 0, 1, 1, 0, 0, 1, 1, 0, 2, 2], 325.3056037320952, 0.9306700229644775, 0]
[[0, 0, 1, 1, 0, 0, 1, 1, 0, 0, 1, 1, 0, 4, 3], 226.10846533274673, 1.0614664554595947, 0]
[[0, 0, 1, 1, 0, 0, 1, 1, 0, 2, 2, 3, 0, 0, 1], 311.9388332519809, 0.857867956161499, 0]
[[0, 0, 1, 1, 0, 0, 1, 1, 0, 2, 2, 3, 0, 2, 2], 575.814693545469, 1.001206636428833, 0]
[[0, 0, 1, 1, 0, 0, 1, 1, 0, 2, 2, 3, 0, 4, 3], 509.8961129870892, 1.0885951519012451, 0]
[[0, 0, 1, 1, 0, 0, 1, 1, 0, 4, 3, 5, 0, 0, 1], 213.05825096335977, 1.1598093509674072, 0]
[[0, 0, 1, 1, 0, 0, 1, 1, 0, 4, 3, 5, 0, 2, 2], 552.3611960871602, 1.3145792484283447, 0]
[[0, 0, 1, 1, 0, 0, 1, 1, 0, 4, 3, 5, 0, 4, 3], 267.64373731522056, 1.3019332885742188, 0]
[[0, 0, 1, 1, 0, 2, 2, 3, 0, 0, 1, 1, 0, 0, 1], 257.2117756149595, 0.8007705211639404, 0]
[[0, 0, 1, 1, 0, 2, 2, 3, 0, 0, 1, 1, 0, 2, 2], 1429.7489782683313, 0.9877138137817383, 0]
[[0, 0, 1, 1, 0, 2, 2, 3, 0, 0, 1, 1, 0, 4, 3], 738.6016667370292, 0.9525325298309326, 0]
[[0, 0, 1, 1, 0, 2, 2, 3, 0, 2, 2, 3, 0, 0, 1], 575.0146012847055, 0.7411997318267822, 0]
[[0, 0, 1, 1, 0, 2, 2, 3, 0, 2, 2, 3, 0, 2, 2], 2161.545519844262, 0.742377519607544, 0]
[[0, 0, 1, 1, 0, 2, 2, 3, 0, 2, 2, 3, 0, 4, 3], 995.4050311363319, 0.8833236694335938, 0]
[[0, 0, 1, 1, 0, 2, 2, 3, 0, 4, 3, 5, 0, 0, 1], 485.40739146666357, 1.0657823085784912, 0]
[[0, 0, 1, 1, 0, 2, 2, 3, 0, 4, 3, 5, 0, 2, 2], 1481.328731786997, 1.1840767860412598, 0]
[[0, 0, 1, 1, 0, 2, 2, 3, 0, 4, 3, 5, 0, 4, 3], 544.9444225452158, 1.1540234088897705, 0]
[[0, 0, 1, 1, 0, 4, 3, 5, 0, 0, 1, 1, 0, 0, 1], 268.94302307206806, 1.2505981922149658, 0]
[[0, 0, 1, 1, 0, 4, 3, 5, 0, 0, 1, 1, 0, 2, 2], 1104.7609813890328, 1.1376287937164307, 0]
[[0, 0, 1, 1, 0, 4, 3, 5, 0, 0, 1, 1, 0, 4, 3], 526.2921822511607, 1.271254301071167, 0]
[[0, 0, 1, 1, 0, 4, 3, 5, 0, 2, 2, 3, 0, 0, 1], 464.4854322648846, 1.0308451652526855, 0]
[[0, 0, 1, 1, 0, 4, 3, 5, 0, 2, 2, 3, 0, 2, 2], 1086.616469149291, 1.1192972660064697, 0]
[[0, 0, 1, 1, 0, 4, 3, 5, 0, 2, 2, 3, 0, 4, 3], 658.4358473304154, 1.1217997074127197, 0]
[[0, 0, 1, 1, 0, 4, 3, 5, 0, 4, 3, 5, 0, 0, 1], 283.7676386655521, 1.412973165512085, 0]
[[0, 0, 1, 1, 0, 4, 3, 5, 0, 4, 3, 5, 0, 2, 2], 659.7482464977769, 1.4870789051055908, 0]
[[0, 0, 1, 1, 0, 4, 3, 5, 0, 4, 3, 5, 0, 4, 3], 285.64544527513937, 1.5286612510681152, 0]
[[0, 2, 2, 3, 0, 0, 1, 1, 0, 0, 1, 1, 0, 0, 1], 94.03281387666227, 1.022195816040039, 0]
[[0, 2, 2, 3, 0, 0, 1, 1, 0, 0, 1, 1, 0, 2, 2], 507.16875022416025, 1.003948450088501, 0]
[[0, 2, 2, 3, 0, 0, 1, 1, 0, 0, 1, 1, 0, 4, 3], 245.39214332642467, 1.1577255725860596, 0]
[[0, 2, 2, 3, 0, 0, 1, 1, 0, 2, 2, 3, 0, 0, 1], 362.02577063358655, 1.1782400608062744, 0]
[[0, 2, 2, 3, 0, 0, 1, 1, 0, 2, 2, 3, 0, 2, 2], 1501.9406228080156, 0.8716306686401367, 0]
[[0, 2, 2, 3, 0, 0, 1, 1, 0, 2, 2, 3, 0, 4, 3], 693.8362153475448, 0.9886660575866699, 0]
[[0, 2, 2, 3, 0, 0, 1, 1, 0, 4, 3, 5, 0, 0, 1], 292.69905549346714, 1.3053267002105713, 0]
[[0, 2, 2, 3, 0, 0, 1, 1, 0, 4, 3, 5, 0, 2, 2], 822.1815524222213, 1.2545936107635498, 0]
[[0, 2, 2, 3, 0, 0, 1, 1, 0, 4, 3, 5, 0, 4, 3], 324.7718876821123, 1.61643385887146, 0]
[[0, 2, 2, 3, 0, 2, 2, 3, 0, 0, 1, 1, 0, 0, 1], 220.88578309335867, 0.901925802230835, 0]
[[0, 2, 2, 3, 0, 2, 2, 3, 0, 0, 1, 1, 0, 2, 2], 1286.5520044500029, 0.8620855808258057, 0]
[[0, 2, 2, 3, 0, 2, 2, 3, 0, 0, 1, 1, 0, 4, 3], 594.2568471320856, 1.0047073364257812, 0]
[[0, 2, 2, 3, 0, 2, 2, 3, 0, 2, 2, 3, 0, 0, 1], 465.8487565402574, 0.7337074279785156, 0]
[[0, 2, 2, 3, 0, 2, 2, 3, 0, 2, 2, 3, 0, 2, 2], 1599.6096548088342, 0.7245826721191406, 0]
[[0, 2, 2, 3, 0, 2, 2, 3, 0, 2, 2, 3, 0, 4, 3], 929.0636986093268, 0.9852359294891357, 0]
[[0, 2, 2, 3, 0, 2, 2, 3, 0, 4, 3, 5, 0, 0, 1], 468.4175478565278, 1.1769208908081055, 0]
[[0, 2, 2, 3, 0, 2, 2, 3, 0, 4, 3, 5, 0, 2, 2], 1282.8545646791638, 1.1997387409210205, 0]
[[0, 2, 2, 3, 0, 2, 2, 3, 0, 4, 3, 5, 0, 4, 3], 450.93454162705484, 1.3536407947540283, 0]
[[0, 2, 2, 3, 0, 4, 3, 5, 0, 0, 1, 1, 0, 0, 1], 175.3729530759201, 1.2978339195251465, 0]
[[0, 2, 2, 3, 0, 4, 3, 5, 0, 0, 1, 1, 0, 2, 2], 894.8960608410571, 1.2092576026916504, 0]
[[0, 2, 2, 3, 0, 4, 3, 5, 0, 0, 1, 1, 0, 4, 3], 379.4183747010441, 1.4368345737457275, 0]
[[0, 2, 2, 3, 0, 4, 3, 5, 0, 2, 2, 3, 0, 0, 1], 341.9051342371012, 1.5017759799957275, 0]
[[0, 2, 2, 3, 0, 4, 3, 5, 0, 2, 2, 3, 0, 2, 2], 1379.7892389494818, 1.1505303382873535, 0]
[[0, 2, 2, 3, 0, 4, 3, 5, 0, 2, 2, 3, 0, 4, 3], 443.67997718538186, 1.5185158252716064, 0]
[[0, 2, 2, 3, 0, 4, 3, 5, 0, 4, 3, 5, 0, 0, 1], 215.55927331300222, 1.553267240524292, 0]
[[0, 2, 2, 3, 0, 4, 3, 5, 0, 4, 3, 5, 0, 2, 2], 586.2222582910068, 1.5199620723724365, 0]
[[0, 2, 2, 3, 0, 4, 3, 5, 0, 4, 3, 5, 0, 4, 3], 204.32692192639863, 1.7329776287078857, 0]
[[0, 4, 3, 5, 0, 0, 1, 1, 0, 0, 1, 1, 0, 0, 1], 109.1701898615397, 1.5808022022247314, 0]
[[0, 4, 3, 5, 0, 0, 1, 1, 0, 0, 1, 1, 0, 2, 2], 481.09856994138903, 1.5681123733520508, 0]
[[0, 4, 3, 5, 0, 0, 1, 1, 0, 0, 1, 1, 0, 4, 3], 231.57245244738328, 2.0042636394500732, 0]
[[0, 4, 3, 5, 0, 0, 1, 1, 0, 2, 2, 3, 0, 0, 1], 366.6720475224687, 1.3565878868103027, 0]
[[0, 4, 3, 5, 0, 0, 1, 1, 0, 2, 2, 3, 0, 2, 2], 1386.818725046146, 1.2897565364837646, 0]
[[0, 4, 3, 5, 0, 0, 1, 1, 0, 2, 2, 3, 0, 4, 3], 590.8153016033555, 1.5970895290374756, 0]
[[0, 4, 3, 5, 0, 0, 1, 1, 0, 4, 3, 5, 0, 0, 1], 266.4728016177373, 2.1657896041870117, 0]
[[0, 4, 3, 5, 0, 0, 1, 1, 0, 4, 3, 5, 0, 2, 2], 751.0600779906072, 2.0364816188812256, 0]
[[0, 4, 3, 5, 0, 0, 1, 1, 0, 4, 3, 5, 0, 4, 3], 249.7056027782991, 2.6870298385620117, 0]
[[0, 4, 3, 5, 0, 2, 2, 3, 0, 0, 1, 1, 0, 0, 1], 256.80912553156196, 1.3318440914154053, 0]
[[0, 4, 3, 5, 0, 2, 2, 3, 0, 0, 1, 1, 0, 2, 2], 1617.4544407144353, 1.2666206359863281, 0]
[[0, 4, 3, 5, 0, 2, 2, 3, 0, 0, 1, 1, 0, 4, 3], 649.1952999142754, 1.5929744243621826, 0]
[[0, 4, 3, 5, 0, 2, 2, 3, 0, 2, 2, 3, 0, 0, 1], 560.917687201853, 1.0551741123199463, 0]
[[0, 4, 3, 5, 0, 2, 2, 3, 0, 2, 2, 3, 0, 2, 2], 1955.3396588416617, 0.9856753349304199, 0]
[[0, 4, 3, 5, 0, 2, 2, 3, 0, 2, 2, 3, 0, 4, 3], 815.4777835188104, 1.338686227798462, 0]
[[0, 4, 3, 5, 0, 2, 2, 3, 0, 4, 3, 5, 0, 0, 1], 431.5591641981899, 1.898606538772583, 0]
[[0, 4, 3, 5, 0, 2, 2, 3, 0, 4, 3, 5, 0, 2, 2], 1121.5454951481402, 2.084289312362671, 0]
[[0, 4, 3, 5, 0, 2, 2, 3, 0, 4, 3, 5, 0, 4, 3], 424.98429974368304, 2.245854377746582, 0]
[[0, 4, 3, 5, 0, 4, 3, 5, 0, 0, 1, 1, 0, 0, 1], 162.0908866854723, 2.1460177898406982, 0]
[[0, 4, 3, 5, 0, 4, 3, 5, 0, 0, 1, 1, 0, 2, 2], 701.7641765100756, 2.068739891052246, 0]
[[0, 4, 3, 5, 0, 4, 3, 5, 0, 0, 1, 1, 0, 4, 3], 288.0981371748329, 2.3617048263549805, 0]
[[0, 4, 3, 5, 0, 4, 3, 5, 0, 2, 2, 3, 0, 0, 1], 291.8165979415746, 1.8839075565338135, 0]
[[0, 4, 3, 5, 0, 4, 3, 5, 0, 2, 2, 3, 0, 2, 2], 864.2280543238636, 2.18337082862854, 0]
[[0, 4, 3, 5, 0, 4, 3, 5, 0, 2, 2, 3, 0, 4, 3], 389.74712592473077, 2.1337270736694336, 0]
[[0, 4, 3, 5, 0, 4, 3, 5, 0, 4, 3, 5, 0, 0, 1], 134.68337622659658, 2.707857370376587, 0]
[[0, 4, 3, 5, 0, 4, 3, 5, 0, 4, 3, 5, 0, 2, 2], 370.23162598413177, 2.6708335876464844, 0]
[[0, 4, 3, 5, 0, 4, 3, 5, 0, 4, 3, 5, 0, 4, 3], 121.57211886333005, 3.0310018062591553, 0]
[[1, 1, 0, 0, 1, 1, 0, 0, 1, 1, 0, 0, 1, 1, 0], 126.37069260068014, 1.0097098350524902, 0]
[[1, 1, 0, 0, 1, 1, 0, 0, 1, 1, 0, 2, 2, 3, 0], 127.95274493934583, 0.8513476848602295, 0]
[[1, 1, 0, 0, 1, 1, 0, 0, 1, 1, 0, 4, 3, 5, 0], 99.82441751760078, 1.1301448345184326, 0]
[[1, 1, 0, 0, 1, 1, 0, 2, 2, 3, 0, 0, 1, 1, 0], 259.78207291750914, 0.8302054405212402, 0]
[[1, 1, 0, 0, 1, 1, 0, 2, 2, 3, 0, 2, 2, 3, 0], 307.2595867576537, 0.738616943359375, 0]
[[1, 1, 0, 0, 1, 1, 0, 2, 2, 3, 0, 4, 3, 5, 0], 211.08034682685127, 1.044973611831665, 0]
[[1, 1, 0, 0, 1, 1, 0, 4, 3, 5, 0, 0, 1, 1, 0], 206.5344249059599, 1.190448522567749, 0]
[[1, 1, 0, 0, 1, 1, 0, 4, 3, 5, 0, 2, 2, 3, 0], 223.29793724578343, 1.059211015701294, 0]
[[1, 1, 0, 0, 1, 1, 0, 4, 3, 5, 0, 4, 3, 5, 0], 129.91656531042662, 1.4279146194458008, 0]
[[1, 1, 0, 2, 2, 3, 0, 0, 1, 1, 0, 0, 1, 1, 0], 165.0336759116203, 0.8623332977294922, 0]
[[1, 1, 0, 2, 2, 3, 0, 0, 1, 1, 0, 2, 2, 3, 0], 375.7335631349159, 0.8266346454620361, 0]
[[1, 1, 0, 2, 2, 3, 0, 0, 1, 1, 0, 4, 3, 5, 0], 226.50931007726066, 1.0522091388702393, 0]
[[1, 1, 0, 2, 2, 3, 0, 2, 2, 3, 0, 0, 1, 1, 0], 432.2105768126798, 0.8014383316040039, 0]
[[1, 1, 0, 2, 2, 3, 0, 2, 2, 3, 0, 2, 2, 3, 0], 473.2244445589164, 0.6260058879852295, 0]
[[1, 1, 0, 2, 2, 3, 0, 2, 2, 3, 0, 4, 3, 5, 0], 351.5705083274676, 0.9424378871917725, 0]
[[1, 1, 0, 2, 2, 3, 0, 4, 3, 5, 0, 0, 1, 1, 0], 290.2644498606709, 1.110245704650879, 0]
[[1, 1, 0, 2, 2, 3, 0, 4, 3, 5, 0, 2, 2, 3, 0], 387.24139549436927, 0.9777097702026367, 0]
[[1, 1, 0, 2, 2, 3, 0, 4, 3, 5, 0, 4, 3, 5, 0], 169.26497118186728, 1.297168493270874, 0]
[[1, 1, 0, 4, 3, 5, 0, 0, 1, 1, 0, 0, 1, 1, 0], 189.04901300985642, 1.0658166408538818, 0]
[[1, 1, 0, 4, 3, 5, 0, 0, 1, 1, 0, 2, 2, 3, 0], 379.5370394840892, 0.9477388858795166, 0]
[[1, 1, 0, 4, 3, 5, 0, 0, 1, 1, 0, 4, 3, 5, 0], 220.1105305408869, 1.2247040271759033, 0]
[[1, 1, 0, 4, 3, 5, 0, 2, 2, 3, 0, 0, 1, 1, 0], 445.0978612777065, 0.9532332420349121, 0]
[[1, 1, 0, 4, 3, 5, 0, 2, 2, 3, 0, 2, 2, 3, 0], 502.82698214140913, 0.7851226329803467, 0]
[[1, 1, 0, 4, 3, 5, 0, 2, 2, 3, 0, 4, 3, 5, 0], 328.3485197641267, 1.153956651687622, 0]
[[1, 1, 0, 4, 3, 5, 0, 4, 3, 5, 0, 0, 1, 1, 0], 240.00316915830646, 1.3241190910339355, 0]
[[1, 1, 0, 4, 3, 5, 0, 4, 3, 5, 0, 2, 2, 3, 0], 248.93592997754334, 1.176924705505371, 0]
[[1, 1, 0, 4, 3, 5, 0, 4, 3, 5, 0, 4, 3, 5, 0], 108.12311834105402, 1.5772342681884766, 0]
[[2, 3, 0, 0, 1, 1, 0, 0, 1, 1, 0, 0, 1, 1, 0], 225.47723951678827, 0.6097695827484131, 0]
[[2, 3, 0, 0, 1, 1, 0, 0, 1, 1, 0, 2, 2, 3, 0], 581.278020633079, 0.534259557723999, 0]
[[2, 3, 0, 0, 1, 1, 0, 0, 1, 1, 0, 4, 3, 5, 0], 361.6168098729462, 0.6292073726654053, 0]
[[2, 3, 0, 0, 1, 1, 0, 2, 2, 3, 0, 0, 1, 1, 0], 1201.9389540978696, 0.5269505977630615, 0]
[[2, 3, 0, 0, 1, 1, 0, 2, 2, 3, 0, 2, 2, 3, 0], 1588.548662505674, 0.5168542861938477, 0]
[[2, 3, 0, 0, 1, 1, 0, 2, 2, 3, 0, 4, 3, 5, 0], 1099.6220420253437, 0.5753271579742432, 0]
[[2, 3, 0, 0, 1, 1, 0, 4, 3, 5, 0, 0, 1, 1, 0], 783.147403204308, 0.6296846866607666, 0]
[[2, 3, 0, 0, 1, 1, 0, 4, 3, 5, 0, 2, 2, 3, 0], 935.4867056789326, 0.590545654296875, 0]
[[2, 3, 0, 0, 1, 1, 0, 4, 3, 5, 0, 4, 3, 5, 0], 446.59208051581277, 0.6547868251800537, 0]
[[2, 3, 0, 2, 2, 3, 0, 0, 1, 1, 0, 0, 1, 1, 0], 591.3788933331961, 0.5320897102355957, 0]
[[2, 3, 0, 2, 2, 3, 0, 0, 1, 1, 0, 2, 2, 3, 0], 1566.8006621658772, 0.5298242568969727, 0]
[[2, 3, 0, 2, 2, 3, 0, 0, 1, 1, 0, 4, 3, 5, 0], 889.876256311289, 0.5783817768096924, 0]
[[2, 3, 0, 2, 2, 3, 0, 2, 2, 3, 0, 0, 1, 1, 0], 1491.7332833149503, 0.5056707859039307, 0]
[[2, 3, 0, 2, 2, 3, 0, 2, 2, 3, 0, 2, 2, 3, 0], 1660.9456955831436, 0.47279858589172363, 0]
[[2, 3, 0, 2, 2, 3, 0, 2, 2, 3, 0, 4, 3, 5, 0], 1174.0647199930436, 0.5473408699035645, 0]
[[2, 3, 0, 2, 2, 3, 0, 4, 3, 5, 0, 0, 1, 1, 0], 1121.157459633658, 0.5792393684387207, 0]
[[2, 3, 0, 2, 2, 3, 0, 4, 3, 5, 0, 2, 2, 3, 0], 1421.1615257685075, 0.576552152633667, 0]
[[2, 3, 0, 2, 2, 3, 0, 4, 3, 5, 0, 4, 3, 5, 0], 659.671333736221, 0.6458134651184082, 0]
[[2, 3, 0, 4, 3, 5, 0, 0, 1, 1, 0, 0, 1, 1, 0], 460.9675050092047, 0.5787808895111084, 0]
[[2, 3, 0, 4, 3, 5, 0, 0, 1, 1, 0, 2, 2, 3, 0], 1033.488973270722, 0.5486907958984375, 0]
[[2, 3, 0, 4, 3, 5, 0, 0, 1, 1, 0, 4, 3, 5, 0], 543.8330187715014, 0.6340150833129883, 0]
[[2, 3, 0, 4, 3, 5, 0, 2, 2, 3, 0, 0, 1, 1, 0], 1158.5528911147542, 0.5689923763275146, 0]
[[2, 3, 0, 4, 3, 5, 0, 2, 2, 3, 0, 2, 2, 3, 0], 1387.0603563704528, 0.55820631980896, 0]
[[2, 3, 0, 4, 3, 5, 0, 2, 2, 3, 0, 4, 3, 5, 0], 812.1684217829566, 0.7413632869720459, 0]
[[2, 3, 0, 4, 3, 5, 0, 4, 3, 5, 0, 0, 1, 1, 0], 567.1362721616566, 0.6393873691558838, 0]
[[2, 3, 0, 4, 3, 5, 0, 4, 3, 5, 0, 2, 2, 3, 0], 641.984565592931, 0.6145939826965332, 0]
[[2, 3, 0, 4, 3, 5, 0, 4, 3, 5, 0, 4, 3, 5, 0], 251.48599867326882, 0.6873681545257568, 0]
[[3, 5, 0, 0, 1, 1, 0, 0, 1, 1, 0, 0, 1, 1, 0], 228.33849131188498, 0.9399795532226562, 0]
[[3, 5, 0, 0, 1, 1, 0, 0, 1, 1, 0, 2, 2, 3, 0], 386.8618002894786, 0.8361287117004395, 0]
[[3, 5, 0, 0, 1, 1, 0, 0, 1, 1, 0, 4, 3, 5, 0], 248.096809752081, 1.1754570007324219, 0]
[[3, 5, 0, 0, 1, 1, 0, 2, 2, 3, 0, 0, 1, 1, 0], 794.2303336379393, 0.8219332695007324, 0]
[[3, 5, 0, 0, 1, 1, 0, 2, 2, 3, 0, 2, 2, 3, 0], 891.3026099993136, 0.7117359638214111, 0]
[[3, 5, 0, 0, 1, 1, 0, 2, 2, 3, 0, 4, 3, 5, 0], 574.2818015647598, 1.062119960784912, 0]
[[3, 5, 0, 0, 1, 1, 0, 4, 3, 5, 0, 0, 1, 1, 0], 490.4906593561619, 1.18613600730896, 0]
[[3, 5, 0, 0, 1, 1, 0, 4, 3, 5, 0, 2, 2, 3, 0], 517.6282858990426, 1.0690391063690186, 0]
[[3, 5, 0, 0, 1, 1, 0, 4, 3, 5, 0, 4, 3, 5, 0], 248.89426890837606, 1.43825101852417, 0]
[[3, 5, 0, 2, 2, 3, 0, 0, 1, 1, 0, 0, 1, 1, 0], 363.1666185818456, 0.8618564605712891, 0]
[[3, 5, 0, 2, 2, 3, 0, 0, 1, 1, 0, 2, 2, 3, 0], 909.0009061428119, 0.7554376125335693, 0]
[[3, 5, 0, 2, 2, 3, 0, 0, 1, 1, 0, 4, 3, 5, 0], 477.71412983092114, 1.1123225688934326, 0]
[[3, 5, 0, 2, 2, 3, 0, 2, 2, 3, 0, 0, 1, 1, 0], 957.8585675701823, 0.8181555271148682, 0]
[[3, 5, 0, 2, 2, 3, 0, 2, 2, 3, 0, 2, 2, 3, 0], 835.277039855305, 0.6368520259857178, 0]
[[3, 5, 0, 2, 2, 3, 0, 2, 2, 3, 0, 4, 3, 5, 0], 625.3241591706324, 1.0376172065734863, 0]
[[3, 5, 0, 2, 2, 3, 0, 4, 3, 5, 0, 0, 1, 1, 0], 547.6530149666814, 1.1099867820739746, 0]
[[3, 5, 0, 2, 2, 3, 0, 4, 3, 5, 0, 2, 2, 3, 0], 642.1588382887958, 0.9895095825195312, 0]
[[3, 5, 0, 2, 2, 3, 0, 4, 3, 5, 0, 4, 3, 5, 0], 263.49370593380803, 1.3637051582336426, 0]
[[3, 5, 0, 4, 3, 5, 0, 0, 1, 1, 0, 0, 1, 1, 0], 260.2088975134736, 1.0833137035369873, 0]
[[3, 5, 0, 4, 3, 5, 0, 0, 1, 1, 0, 2, 2, 3, 0], 493.5167015524524, 0.9550027847290039, 0]
[[3, 5, 0, 4, 3, 5, 0, 0, 1, 1, 0, 4, 3, 5, 0], 259.1539780372126, 1.3463146686553955, 0]
[[3, 5, 0, 4, 3, 5, 0, 2, 2, 3, 0, 0, 1, 1, 0], 580.503940581718, 0.9839777946472168, 0]
[[3, 5, 0, 4, 3, 5, 0, 2, 2, 3, 0, 2, 2, 3, 0], 631.0266677451586, 0.8539438247680664, 0]
[[3, 5, 0, 4, 3, 5, 0, 2, 2, 3, 0, 4, 3, 5, 0], 381.64449696473474, 1.1975328922271729, 0]
[[3, 5, 0, 4, 3, 5, 0, 4, 3, 5, 0, 0, 1, 1, 0], 274.72935437794655, 1.3483574390411377, 0]
[[3, 5, 0, 4, 3, 5, 0, 4, 3, 5, 0, 2, 2, 3, 0], 278.4997532407201, 1.2186155319213867, 0]
[[3, 5, 0, 4, 3, 5, 0, 4, 3, 5, 0, 4, 3, 5, 0], 116.19633604225163, 1.6045362949371338, 0]
