[[0, 0, 1, 1, 0, 0, 1, 1, 0, 0, 1, 1, 0, 0, 1], 1.038324627704183, 0.9481189250946045, 0]
[[0, 0, 1, 1, 0, 0, 1, 1, 0, 0, 1, 1, 0, 2, 2], 1.0327144743498187, 0.9162940979003906, 0]
[[0, 0, 1, 1, 0, 0, 1, 1, 0, 0, 1, 1, 0, 4, 3], 1.013512328077982, 0.9877054691314697, 0]
[[0, 0, 1, 1, 0, 0, 1, 1, 0, 2, 2, 3, 0, 0, 1], 1.014704112478866, 0.9127459526062012, 0]
[[0, 0, 1, 1, 0, 0, 1, 1, 0, 2, 2, 3, 0, 2, 2], 1.0073927075256937, 0.9100799560546875, 0]
[[0, 0, 1, 1, 0, 0, 1, 1, 0, 2, 2, 3, 0, 4, 3], 1.0495779364967321, 0.9816069602966309, 0]
[[0, 0, 1, 1, 0, 0, 1, 1, 0, 4, 3, 5, 0, 0, 1], 1.0078712710337159, 0.9720561504364014, 0]
[[0, 0, 1, 1, 0, 0, 1, 1, 0, 4, 3, 5, 0, 2, 2], 1.0021016390186237, 1.0159103870391846, 0]
[[0, 0, 1, 1, 0, 0, 1, 1, 0, 4, 3, 5, 0, 4, 3], 1.0379981460677201, 1.003891944885254, 0]
[[0, 0, 1, 1, 0, 2, 2, 3, 0, 0, 1, 1, 0, 0, 1], 1.0050413757370726, 1.2259550094604492, 0]
[[0, 0, 1, 1, 0, 2, 2, 3, 0, 0, 1, 1, 0, 2, 2], 1.010466115744067, 0.9454348087310791, 0]
[[0, 0, 1, 1, 0, 2, 2, 3, 0, 0, 1, 1, 0, 4, 3], 1.00800173797002, 1.0016365051269531, 0]
[[0, 0, 1, 1, 0, 2, 2, 3, 0, 2, 2, 3, 0, 0, 1], 1.0416197080645604, 0.9585351943969727, 0]
[[0, 0, 1, 1, 0, 2, 2, 3, 0, 2, 2, 3, 0, 2, 2], 1.0014172880097094, 0.9262585639953613, 0]
[[0, 0, 1, 1, 0, 2, 2, 3, 0, 2, 2, 3, 0, 4, 3], 1.0078402573633216, 0.9004724025726318, 0]
[[0, 0, 1, 1, 0, 2, 2, 3, 0, 4, 3, 5, 0, 0, 1], 1.0024864644750804, 0.9913942813873291, 0]
[[0, 0, 1, 1, 0, 2, 2, 3, 0, 4, 3, 5, 0, 2, 2], 1.015992847625071, 0.9312262535095215, 0]
[[0, 0, 1, 1, 0, 2, 2, 3, 0, 4, 3, 5, 0, 4, 3], 1.014318002449434, 0.9429309368133545, 0]
[[0, 0, 1, 1, 0, 4, 3, 5, 0, 0, 1, 1, 0, 0, 1], 1.006930279492211, 0.9855227470397949, 0]
[[0, 0, 1, 1, 0, 4, 3, 5, 0, 0, 1, 1, 0, 2, 2], 1.0082515154982796, 0.9880969524383545, 0]
[[0, 0, 1, 1, 0, 4, 3, 5, 0, 0, 1, 1, 0, 4, 3], 1.0196519062511427, 0.9873747825622559, 0]
[[0, 0, 1, 1, 0, 4, 3, 5, 0, 2, 2, 3, 0, 0, 1], 1.0073712117335953, 1.2010140419006348, 0]
[[0, 0, 1, 1, 0, 4, 3, 5, 0, 2, 2, 3, 0, 2, 2], 1.0062055309412858, 0.9917862415313721, 0]
[[0, 0, 1, 1, 0, 4, 3, 5, 0, 2, 2, 3, 0, 4, 3], 1.0135120002575222, 0.9623634815216064, 0]
[[0, 0, 1, 1, 0, 4, 3, 5, 0, 4, 3, 5, 0, 0, 1], 1.090789793506205, 0.9598057270050049, 0]
[[0, 0, 1, 1, 0, 4, 3, 5, 0, 4, 3, 5, 0, 2, 2], 1.0840048655243932, 0.9544191360473633, 0]
[[0, 0, 1, 1, 0, 4, 3, 5, 0, 4, 3, 5, 0, 4, 3], 1.021085636368842, 0.995718240737915, 0]
[[0, 2, 2, 3, 0, 0, 1, 1, 0, 0, 1, 1, 0, 0, 1], 1.0010014415149953, 0.9447708129882812, 0]
[[0, 2, 2, 3, 0, 0, 1, 1, 0, 0, 1, 1, 0, 2, 2], 1.035713668405894, 0.9078750610351562, 0]
[[0, 2, 2, 3, 0, 0, 1, 1, 0, 0, 1, 1, 0, 4, 3], 1.0273922161838762, 0.9116001129150391, 0]
[[0, 2, 2, 3, 0, 0, 1, 1, 0, 2, 2, 3, 0, 0, 1], 1.0698410002143997, 0.939180850982666, 0]
[[0, 2, 2, 3, 0, 0, 1, 1, 0, 2, 2, 3, 0, 2, 2], 1.0080113429887785, 0.8658790588378906, 0]
[[0, 2, 2, 3, 0, 0, 1, 1, 0, 2, 2, 3, 0, 4, 3], 1.0073157825306573, 0.9355781078338623, 0]
[[0, 2, 2, 3, 0, 0, 1, 1, 0, 4, 3, 5, 0, 0, 1], 1.0371213865134479, 0.9254934787750244, 0]
[[0, 2, 2, 3, 0, 0, 1, 1, 0, 4, 3, 5, 0, 2, 2], 1.1075628921220313, 0.9471237659454346, 0]
[[0, 2, 2, 3, 0, 0, 1, 1, 0, 4, 3, 5, 0, 4, 3], 1.0418074769753611, 0.9515025615692139, 0]
[[0, 2, 2, 3, 0, 2, 2, 3, 0, 0, 1, 1, 0, 0, 1], 1.0286807216120868, 0.8955628871917725, 0]
[[0, 2, 2, 3, 0, 2, 2, 3, 0, 0, 1, 1, 0, 2, 2], 1.0268151616433359, 0.8893969058990479, 0]
[[0, 2, 2, 3, 0, 2, 2, 3, 0, 0, 1, 1, 0, 4, 3], 1.0133272648010663, 0.9752030372619629, 0]
[[0, 2, 2, 3, 0, 2, 2, 3, 0, 2, 2, 3, 0, 0, 1], 1.037167770006982, 0.857619047164917, 0]
[[0, 2, 2, 3, 0, 2, 2, 3, 0, 2, 2, 3, 0, 2, 2], 1.0180626735083507, 0.866619348526001, 0]
[[0, 2, 2, 3, 0, 2, 2, 3, 0, 2, 2, 3, 0, 4, 3], 1.0478975991680144, 0.8926072120666504, 0]
[[0, 2, 2, 3, 0, 2, 2, 3, 0, 4, 3, 5, 0, 0, 1], 1.071219291092656, 0.9524102210998535, 0]
[[0, 2, 2, 3, 0, 2, 2, 3, 0, 4, 3, 5, 0, 2, 2], 1.0343162564667137, 0.9202117919921875, 0]
[[0, 2, 2, 3, 0, 2, 2, 3, 0, 4, 3, 5, 0, 4, 3], 1.028614531751095, 0.9874820709228516, 0]
[[0, 2, 2, 3, 0, 4, 3, 5, 0, 0, 1, 1, 0, 0, 1], 1.0402127370888925, 0.9352455139160156, 0]
[[0, 2, 2, 3, 0, 4, 3, 5, 0, 0, 1, 1, 0, 2, 2], 1.0033688807606769, 0.980870246887207, 0]
[[0, 2, 2, 3, 0, 4, 3, 5, 0, 0, 1, 1, 0, 4, 3], 1.084163239184975, 0.9568572044372559, 0]
[[0, 2, 2, 3, 0, 4, 3, 5, 0, 2, 2, 3, 0, 0, 1], 1.1635700487923821, 0.9748194217681885, 0]
[[0, 2, 2, 3, 0, 4, 3, 5, 0, 2, 2, 3, 0, 2, 2], 1.02816342084243, 0.9132654666900635, 0]
[[0, 2, 2, 3, 0, 4, 3, 5, 0, 2, 2, 3, 0, 4, 3], 1.006196159164457, 1.0504412651062012, 0]
[[0, 2, 2, 3, 0, 4, 3, 5, 0, 4, 3, 5, 0, 0, 1], 1.1007376121578238, 0.9730448722839355, 0]
[[0, 2, 2, 3, 0, 4, 3, 5, 0, 4, 3, 5, 0, 2, 2], 1.096043911061926, 0.9548232555389404, 0]
[[0, 2, 2, 3, 0, 4, 3, 5, 0, 4, 3, 5, 0, 4, 3], 1.010012886779078, 1.0011320114135742, 0]
[[0, 4, 3, 5, 0, 0, 1, 1, 0, 0, 1, 1, 0, 0, 1], 1.0037025228480847, 0.9902162551879883, 0]
[[0, 4, 3, 5, 0, 0, 1, 1, 0, 0, 1, 1, 0, 2, 2], 1.0050208527652162, 1.1555285453796387, 0]
[[0, 4, 3, 5, 0, 0, 1, 1, 0, 0, 1, 1, 0, 4, 3], 1.012503849300429, 1.01371169090271, 0]
[[0, 4, 3, 5, 0, 0, 1, 1, 0, 2, 2, 3, 0, 0, 1], 1.0435001493369256, 0.9333627223968506, 0]
[[0, 4, 3, 5, 0, 0, 1, 1, 0, 2, 2, 3, 0, 2, 2], 1.0369523634837512, 0.9271676540374756, 0]
[[0, 4, 3, 5, 0, 0, 1, 1, 0, 2, 2, 3, 0, 4, 3], 1.0126398761071476, 1.0263447761535645, 0]
[[0, 4, 3, 5, 0, 0, 1, 1, 0, 4, 3, 5, 0, 0, 1], 1.0405770861194166, 0.9888043403625488, 0]
[[0, 4, 3, 5, 0, 0, 1, 1, 0, 4, 3, 5, 0, 2, 2], 1.0111897388790936, 1.0175790786743164, 0]
[[0, 4, 3, 5, 0, 0, 1, 1, 0, 4, 3, 5, 0, 4, 3], 1.063824824158093, 0.9978110790252686, 0]
[[0, 4, 3, 5, 0, 2, 2, 3, 0, 0, 1, 1, 0, 0, 1], 1.006320912601238, 0.9200320243835449, 0]
[[0, 4, 3, 5, 0, 2, 2, 3, 0, 0, 1, 1, 0, 2, 2], 1.053898436300916, 0.9040460586547852, 0]
[[0, 4, 3, 5, 0, 2, 2, 3, 0, 0, 1, 1, 0, 4, 3], 1.112107922649645, 0.9284796714782715, 0]
[[0, 4, 3, 5, 0, 2, 2, 3, 0, 2, 2, 3, 0, 0, 1], 1.0740766894534994, 0.8910911083221436, 0]
[[0, 4, 3, 5, 0, 2, 2, 3, 0, 2, 2, 3, 0, 2, 2], 1.0018650881831186, 0.8824043273925781, 0]
[[0, 4, 3, 5, 0, 2, 2, 3, 0, 2, 2, 3, 0, 4, 3], 1.039941138075435, 0.9288721084594727, 0]
[[0, 4, 3, 5, 0, 2, 2, 3, 0, 4, 3, 5, 0, 0, 1], 1.0810007178179788, 0.9460287094116211, 0]
[[0, 4, 3, 5, 0, 2, 2, 3, 0, 4, 3, 5, 0, 2, 2], 1.0240508505570192, 0.9556558132171631, 0]
[[0, 4, 3, 5, 0, 2, 2, 3, 0, 4, 3, 5, 0, 4, 3], 1.0897194802614827, 1.057596206665039, 0]
[[0, 4, 3, 5, 0, 4, 3, 5, 0, 0, 1, 1, 0, 0, 1], 1.0256138754135724, 1.0756111145019531, 0]
[[0, 4, 3, 5, 0, 4, 3, 5, 0, 0, 1, 1, 0, 2, 2], 1.0279519799319354, 0.9510524272918701, 0]
[[0, 4, 3, 5, 0, 4, 3, 5, 0, 0, 1, 1, 0, 4, 3], 1.0196025896145193, 0.9978787899017334, 0]
[[0, 4, 3, 5, 0, 4, 3, 5, 0, 2, 2, 3, 0, 0, 1], 1.0098977911525782, 0.9825491905212402, 0]
[[0, 4, 3, 5, 0, 4, 3, 5, 0, 2, 2, 3, 0, 2, 2], 1.0630602142708638, 1.0337474346160889, 0]
[[0, 4, 3, 5, 0, 4, 3, 5, 0, 2, 2, 3, 0, 4, 3], 1.0525910395777678, 1.0012035369873047, 0]
[[0, 4, 3, 5, 0, 4, 3, 5, 0, 4, 3, 5, 0, 0, 1], 1.093798024682079, 1.0376827716827393, 0]
[[0, 4, 3, 5, 0, 4, 3, 5, 0, 4, 3, 5, 0, 2, 2], 1.246440418062115, 1.0133991241455078, 0]
[[0, 4, 3, 5, 0, 4, 3, 5, 0, 4, 3, 5, 0, 4, 3], 1.0204895939908094, 1.0205028057098389, 0]
[[1, 1, 0, 0, 1, 1, 0, 0, 1, 1, 0, 0, 1, 1, 0], 1.0362707955614314, 0.9098236560821533, 0]
[[1, 1, 0, 0, 1, 1, 0, 0, 1, 1, 0, 2, 2, 3, 0], 1.019936447568043, 0.9274225234985352, 0]
[[1, 1, 0, 0, 1, 1, 0, 0, 1, 1, 0, 4, 3, 5, 0], 1.0036513329549437, 0.99310302734375, 0]
[[1, 1, 0, 0, 1, 1, 0, 2, 2, 3, 0, 0, 1, 1, 0], 1.017639780911729, 0.9102189540863037, 0]
[[1, 1, 0, 0, 1, 1, 0, 2, 2, 3, 0, 2, 2, 3, 0], 1.0691707669654744, 0.8792836666107178, 0]
[[1, 1, 0, 0, 1, 1, 0, 2, 2, 3, 0, 4, 3, 5, 0], 1.0104496964721241, 1.0031685829162598, 0]
[[1, 1, 0, 0, 1, 1, 0, 4, 3, 5, 0, 0, 1, 1, 0], 1.0285553861883103, 0.9921774864196777, 0]
[[1, 1, 0, 0, 1, 1, 0, 4, 3, 5, 0, 2, 2, 3, 0], 1.0019078799473362, 0.9240992069244385, 0]
[[1, 1, 0, 0, 1, 1, 0, 4, 3, 5, 0, 4, 3, 5, 0], 1.0699344120915786, 1.0333397388458252, 0]
[[1, 1, 0, 2, 2, 3, 0, 0, 1, 1, 0, 0, 1, 1, 0], 1.0027983220817362, 0.886077880859375, 0]
[[1, 1, 0, 2, 2, 3, 0, 0, 1, 1, 0, 2, 2, 3, 0], 1.0554354958542478, 0.8832006454467773, 0]
[[1, 1, 0, 2, 2, 3, 0, 0, 1, 1, 0, 4, 3, 5, 0], 1.0742330092365433, 0.970557689666748, 0]
[[1, 1, 0, 2, 2, 3, 0, 2, 2, 3, 0, 0, 1, 1, 0], 1.0448151502921157, 0.9503278732299805, 0]
[[1, 1, 0, 2, 2, 3, 0, 2, 2, 3, 0, 2, 2, 3, 0], 1.023192163051794, 0.860929012298584, 0]
[[1, 1, 0, 2, 2, 3, 0, 2, 2, 3, 0, 4, 3, 5, 0], 1.0395631424264515, 0.9121899604797363, 0]
[[1, 1, 0, 2, 2, 3, 0, 4, 3, 5, 0, 0, 1, 1, 0], 1.024548861584133, 0.9355971813201904, 0]
[[1, 1, 0, 2, 2, 3, 0, 4, 3, 5, 0, 2, 2, 3, 0], 1.0262490474782542, 0.9311165809631348, 0]
[[1, 1, 0, 2, 2, 3, 0, 4, 3, 5, 0, 4, 3, 5, 0], 1.0505024709777284, 0.9837796688079834, 0]
[[1, 1, 0, 4, 3, 5, 0, 0, 1, 1, 0, 0, 1, 1, 0], 1.0341950643174191, 0.9466893672943115, 0]
[[1, 1, 0, 4, 3, 5, 0, 0, 1, 1, 0, 2, 2, 3, 0], 1.0535339797974583, 0.9412088394165039, 0]
[[1, 1, 0, 4, 3, 5, 0, 0, 1, 1, 0, 4, 3, 5, 0], 1.0255151764205632, 1.0500898361206055, 0]
[[1, 1, 0, 4, 3, 5, 0, 2, 2, 3, 0, 0, 1, 1, 0], 1.0900974365316374, 0.9319319725036621, 0]
[[1, 1, 0, 4, 3, 5, 0, 2, 2, 3, 0, 2, 2, 3, 0], 1.0132932600448066, 0.9074060916900635, 0]
[[1, 1, 0, 4, 3, 5, 0, 2, 2, 3, 0, 4, 3, 5, 0], 1.0862717301427116, 1.0071008205413818, 0]
[[1, 1, 0, 4, 3, 5, 0, 4, 3, 5, 0, 0, 1, 1, 0], 1.0124651610271864, 1.0358262062072754, 0]
[[1, 1, 0, 4, 3, 5, 0, 4, 3, 5, 0, 2, 2, 3, 0], 1.0869323581713526, 1.0649445056915283, 0]
[[1, 1, 0, 4, 3, 5, 0, 4, 3, 5, 0, 4, 3, 5, 0], 1.0425710926936511, 1.0055975914001465, 0]
[[2, 3, 0, 0, 1, 1, 0, 0, 1, 1, 0, 0, 1, 1, 0], 1.009369927859614, 0.9265885353088379, 0]
[[2, 3, 0, 0, 1, 1, 0, 0, 1, 1, 0, 2, 2, 3, 0], 1.0073581834942558, 0.9409196376800537, 0]
[[2, 3, 0, 0, 1, 1, 0, 0, 1, 1, 0, 4, 3, 5, 0], 1.0034243288027394, 0.9335522651672363, 0]
[[2, 3, 0, 0, 1, 1, 0, 2, 2, 3, 0, 0, 1, 1, 0], 1.025244992596632, 0.9497365951538086, 0]
[[2, 3, 0, 0, 1, 1, 0, 2, 2, 3, 0, 2, 2, 3, 0], 1.009011891310546, 0.9032135009765625, 0]
[[2, 3, 0, 0, 1, 1, 0, 2, 2, 3, 0, 4, 3, 5, 0], 1.030294172985396, 0.914405345916748, 0]
[[2, 3, 0, 0, 1, 1, 0, 4, 3, 5, 0, 0, 1, 1, 0], 1.0303001166776509, 0.9583499431610107, 0]
[[2, 3, 0, 0, 1, 1, 0, 4, 3, 5, 0, 2, 2, 3, 0], 1.0390992506115229, 0.9450716972351074, 0]
[[2, 3, 0, 0, 1, 1, 0, 4, 3, 5, 0, 4, 3, 5, 0], 1.019958665212728, 0.9930057525634766, 0]
[[2, 3, 0, 2, 2, 3, 0, 0, 1, 1, 0, 0, 1, 1, 0], 1.0108302493961738, 0.897845983505249, 0]
[[2, 3, 0, 2, 2, 3, 0, 0, 1, 1, 0, 2, 2, 3, 0], 1.0299178444683064, 0.8851079940795898, 0]
[[2, 3, 0, 2, 2, 3, 0, 0, 1, 1, 0, 4, 3, 5, 0], 1.0155927966843719, 0.9187722206115723, 0]
[[2, 3, 0, 2, 2, 3, 0, 2, 2, 3, 0, 0, 1, 1, 0], 1.0376977946806936, 0.8836414813995361, 0]
[[2, 3, 0, 2, 2, 3, 0, 2, 2, 3, 0, 2, 2, 3, 0], 1.0545012744986475, 0.8836886882781982, 0]
[[2, 3, 0, 2, 2, 3, 0, 2, 2, 3, 0, 4, 3, 5, 0], 1.099335710209095, 0.9124062061309814, 0]
[[2, 3, 0, 2, 2, 3, 0, 4, 3, 5, 0, 0, 1, 1, 0], 1.023189899876152, 0.9399228096008301, 0]
[[2, 3, 0, 2, 2, 3, 0, 4, 3, 5, 0, 2, 2, 3, 0], 1.0203095087348464, 0.9111819267272949, 0]
[[2, 3, 0, 2, 2, 3, 0, 4, 3, 5, 0, 4, 3, 5, 0], 1.046177156920817, 0.9571716785430908, 0]
[[2, 3, 0, 4, 3, 5, 0, 0, 1, 1, 0, 0, 1, 1, 0], 1.0304252951769295, 0.9409854412078857, 0]
[[2, 3, 0, 4, 3, 5, 0, 0, 1, 1, 0, 2, 2, 3, 0], 1.0697890517533577, 0.9206504821777344, 0]
[[2, 3, 0, 4, 3, 5, 0, 0, 1, 1, 0, 4, 3, 5, 0], 1.0794525914039417, 0.9632043838500977, 0]
[[2, 3, 0, 4, 3, 5, 0, 2, 2, 3, 0, 0, 1, 1, 0], 1.0076769552648184, 0.9304642677307129, 0]
[[2, 3, 0, 4, 3, 5, 0, 2, 2, 3, 0, 2, 2, 3, 0], 1.112838297511956, 0.9032304286956787, 0]
[[2, 3, 0, 4, 3, 5, 0, 2, 2, 3, 0, 4, 3, 5, 0], 1.0297534659019676, 0.9969592094421387, 0]
[[2, 3, 0, 4, 3, 5, 0, 4, 3, 5, 0, 0, 1, 1, 0], 1.1312651984565305, 0.9809529781341553, 0]
[[2, 3, 0, 4, 3, 5, 0, 4, 3, 5, 0, 2, 2, 3, 0], 1.1638049446333547, 1.0177793502807617, 0]
[[2, 3, 0, 4, 3, 5, 0, 4, 3, 5, 0, 4, 3, 5, 0], 1.024551993538731, 1.0070888996124268, 0]
[[3, 5, 0, 0, 1, 1, 0, 0, 1, 1, 0, 0, 1, 1, 0], 1.0210004648170417, 0.9333834648132324, 0]
[[3, 5, 0, 0, 1, 1, 0, 0, 1, 1, 0, 2, 2, 3, 0], 1.0193837876069194, 0.9167735576629639, 0]
[[3, 5, 0, 0, 1, 1, 0, 0, 1, 1, 0, 4, 3, 5, 0], 1.010342619865116, 0.9595661163330078, 0]
[[3, 5, 0, 0, 1, 1, 0, 2, 2, 3, 0, 0, 1, 1, 0], 1.03469814656063, 0.9022772312164307, 0]
[[3, 5, 0, 0, 1, 1, 0, 2, 2, 3, 0, 2, 2, 3, 0], 1.0050504323227045, 0.8893594741821289, 0]
[[3, 5, 0, 0, 1, 1, 0, 2, 2, 3, 0, 4, 3, 5, 0], 1.0187192125360782, 0.9480173587799072, 0]
[[3, 5, 0, 0, 1, 1, 0, 4, 3, 5, 0, 0, 1, 1, 0], 1.0918098999616104, 0.9733917713165283, 0]
[[3, 5, 0, 0, 1, 1, 0, 4, 3, 5, 0, 2, 2, 3, 0], 1.0031943542051847, 0.9632940292358398, 0]
[[3, 5, 0, 0, 1, 1, 0, 4, 3, 5, 0, 4, 3, 5, 0], 1.014792870346581, 1.0012471675872803, 0]
[[3, 5, 0, 2, 2, 3, 0, 0, 1, 1, 0, 0, 1, 1, 0], 1.0401054632882738, 0.9295370578765869, 0]
[[3, 5, 0, 2, 2, 3, 0, 0, 1, 1, 0, 2, 2, 3, 0], 1.0410721623509338, 0.8831830024719238, 0]
[[3, 5, 0, 2, 2, 3, 0, 0, 1, 1, 0, 4, 3, 5, 0], 1.0292483455384724, 0.9985361099243164, 0]
[[3, 5, 0, 2, 2, 3, 0, 2, 2, 3, 0, 0, 1, 1, 0], 1.0394235770792757, 0.9281587600708008, 0]
[[3, 5, 0, 2, 2, 3, 0, 2, 2, 3, 0, 2, 2, 3, 0], 1.1068388809407916, 0.8696086406707764, 0]
[[3, 5, 0, 2, 2, 3, 0, 2, 2, 3, 0, 4, 3, 5, 0], 1.1305048364739658, 0.9157347679138184, 0]
[[3, 5, 0, 2, 2, 3, 0, 4, 3, 5, 0, 0, 1, 1, 0], 1.02761338403294, 0.9533193111419678, 0]
[[3, 5, 0, 2, 2, 3, 0, 4, 3, 5, 0, 2, 2, 3, 0], 1.0947387386268257, 0.9172649383544922, 0]
[[3, 5, 0, 2, 2, 3, 0, 4, 3, 5, 0, 4, 3, 5, 0], 1.069610572858147, 0.9626777172088623, 0]
[[3, 5, 0, 4, 3, 5, 0, 0, 1, 1, 0, 0, 1, 1, 0], 1.000012399492314, 0.9519727230072021, 0]
[[3, 5, 0, 4, 3, 5, 0, 0, 1, 1, 0, 2, 2, 3, 0], 1.0066494833217976, 0.925161600112915, 0]
[[3, 5, 0, 4, 3, 5, 0, 0, 1, 1, 0, 4, 3, 5, 0], 1.0317828445649266, 0.9922237396240234, 0]
[[3, 5, 0, 4, 3, 5, 0, 2, 2, 3, 0, 0, 1, 1, 0], 1.0289963560618163, 0.9567539691925049, 0]
[[3, 5, 0, 4, 3, 5, 0, 2, 2, 3, 0, 2, 2, 3, 0], 1.042553755188387, 0.9123380184173584, 0]
[[3, 5, 0, 4, 3, 5, 0, 2, 2, 3, 0, 4, 3, 5, 0], 1.0269469287545547, 0.9697647094726562, 0]
[[3, 5, 0, 4, 3, 5, 0, 4, 3, 5, 0, 0, 1, 1, 0], 1.0218077155220446, 0.9816720485687256, 0]
[[3, 5, 0, 4, 3, 5, 0, 4, 3, 5, 0, 2, 2, 3, 0], 1.2719262260146338, 0.9862303733825684, 0]
[[3, 5, 0, 4, 3, 5, 0, 4, 3, 5, 0, 4, 3, 5, 0], 1.0872174946162896, 0.9993941783905029, 0]
