[[0, 0, 1, 1, 0, 0, 1, 1, 0, 0, 1], 15.350422434089497, 0.008390188217163086, 0]
[[0, 0, 1, 1, 0, 0, 1, 1, 0, 2, 2], 13.60597577523577, 0.03974795341491699, 0]
[[0, 0, 1, 1, 0, 0, 1, 1, 0, 4, 3], 20.10089728801044, 0.029340267181396484, 0]
[[0, 0, 1, 1, 0, 0, 1, 1, 0, 6, 4], 4.373330209828247, 0.032132625579833984, 0]
[[0, 0, 1, 1, 0, 2, 2, 3, 0, 0, 1], 1.1088398535220185, 0.028039216995239258, 0]
[[0, 0, 1, 1, 0, 2, 2, 3, 0, 2, 2], 25.461967818746384, 0.028921127319335938, 0]
[[0, 0, 1, 1, 0, 2, 2, 3, 0, 4, 3], 140.5992315042299, 0.07764339447021484, 0]
[[0, 0, 1, 1, 0, 2, 2, 3, 0, 6, 4], 8.407228150600112, 0.0314483642578125, 0]
[[0, 0, 1, 1, 0, 4, 3, 5, 0, 0, 1], 3.257074438070226, 0.013200759887695312, 0]
[[0, 0, 1, 1, 0, 4, 3, 5, 0, 2, 2], 8.494080971953446, 0.015774965286254883, 0]
[[0, 0, 1, 1, 0, 4, 3, 5, 0, 4, 3], 30.017180825765916, 0.018052101135253906, 0]
[[0, 0, 1, 1, 0, 4, 3, 5, 0, 6, 4], 2.1686214923820715, 0.01697373390197754, 0]
[[0, 0, 1, 1, 0, 6, 4, 7, 0, 0, 1], 1.7319517620000384, 0.01364445686340332, 0]
[[0, 0, 1, 1, 0, 6, 4, 7, 0, 2, 2], 18.649828741602075, 0.014814376831054688, 0]
[[0, 0, 1, 1, 0, 6, 4, 7, 0, 4, 3], 82.75533207005843, 0.016455888748168945, 0]
[[0, 0, 1, 1, 0, 6, 4, 7, 0, 6, 4], 4.844110204255196, 0.030753135681152344, 0]
[[0, 2, 2, 3, 0, 0, 1, 1, 0, 0, 1], 1.3689521332375312, 0.0270383358001709, 0]
[[0, 2, 2, 3, 0, 0, 1, 1, 0, 2, 2], 38.88796743586259, 0.028125286102294922, 0]
[[0, 2, 2, 3, 0, 0, 1, 1, 0, 4, 3], 176.80696531459068, 0.029321908950805664, 0]
[[0, 2, 2, 3, 0, 0, 1, 1, 0, 6, 4], 10.507689716971012, 0.029172658920288086, 0]
[[0, 2, 2, 3, 0, 2, 2, 3, 0, 0, 1], 2.501653716209196, 0.028044700622558594, 0]
[[0, 2, 2, 3, 0, 2, 2, 3, 0, 2, 2], 5.34145115604808, 0.03794980049133301, 0]
[[0, 2, 2, 3, 0, 2, 2, 3, 0, 4, 3], 25.908232038610127, 0.03902745246887207, 0]
[[0, 2, 2, 3, 0, 2, 2, 3, 0, 6, 4], 13.241816227745298, 0.035997629165649414, 0]
[[0, 2, 2, 3, 0, 4, 3, 5, 0, 0, 1], 1.5135249661234276, 0.035996437072753906, 0]
[[0, 2, 2, 3, 0, 4, 3, 5, 0, 2, 2], 16.603902052602873, 0.01752305030822754, 0]
[[0, 2, 2, 3, 0, 4, 3, 5, 0, 4, 3], 82.56980211704408, 0.031069517135620117, 0]
[[0, 2, 2, 3, 0, 4, 3, 5, 0, 6, 4], 5.364983393211356, 0.01680135726928711, 0]
[[0, 2, 2, 3, 0, 6, 4, 7, 0, 0, 1], 1.299936131550207, 0.018665790557861328, 0]
[[0, 2, 2, 3, 0, 6, 4, 7, 0, 2, 2], 35.63552421627543, 0.029909372329711914, 0]
[[0, 2, 2, 3, 0, 6, 4, 7, 0, 4, 3], 170.48476630615352, 0.027713298797607422, 0]
[[0, 2, 2, 3, 0, 6, 4, 7, 0, 6, 4], 8.168717956661881, 0.019812822341918945, 0]
[[0, 4, 3, 5, 0, 0, 1, 1, 0, 0, 1], 5.526640700774531, 0.01416325569152832, 0]
[[0, 4, 3, 5, 0, 0, 1, 1, 0, 2, 2], 9.330007289261992, 0.07709980010986328, 0]
[[0, 4, 3, 5, 0, 0, 1, 1, 0, 4, 3], 26.69648277230651, 0.0330810546875, 0]
[[0, 4, 3, 5, 0, 0, 1, 1, 0, 6, 4], 3.128786444681767, 0.014015913009643555, 0]
[[0, 4, 3, 5, 0, 2, 2, 3, 0, 0, 1], 1.4584270954271348, 0.015015602111816406, 0]
[[0, 4, 3, 5, 0, 2, 2, 3, 0, 2, 2], 1.3609003244968838, 0.022724151611328125, 0]
[[0, 4, 3, 5, 0, 2, 2, 3, 0, 4, 3], 54.05202393555962, 0.06305789947509766, 0]
[[0, 4, 3, 5, 0, 2, 2, 3, 0, 6, 4], 5.044970703571272, 0.036336421966552734, 0]
[[0, 4, 3, 5, 0, 4, 3, 5, 0, 0, 1], 5.127767474443144, 0.049054622650146484, 0]
[[0, 4, 3, 5, 0, 4, 3, 5, 0, 2, 2], 4.965948335823604, 0.02974557876586914, 0]
[[0, 4, 3, 5, 0, 4, 3, 5, 0, 4, 3], 27.897680710149405, 0.03101658821105957, 0]
[[0, 4, 3, 5, 0, 4, 3, 5, 0, 6, 4], 1.5913779949660654, 0.031577348709106445, 0]
[[0, 4, 3, 5, 0, 6, 4, 7, 0, 0, 1], 2.682614198558833, 0.0160520076751709, 0]
[[0, 4, 3, 5, 0, 6, 4, 7, 0, 2, 2], 11.496076197397986, 0.03083014488220215, 0]
[[0, 4, 3, 5, 0, 6, 4, 7, 0, 4, 3], 54.9549671272246, 0.041928768157958984, 0]
[[0, 4, 3, 5, 0, 6, 4, 7, 0, 6, 4], 3.2388012755769116, 0.030759334564208984, 0]
[[0, 6, 4, 7, 0, 0, 1, 1, 0, 0, 1], 1.7141279607770894, 0.009335517883300781, 0]
[[0, 6, 4, 7, 0, 0, 1, 1, 0, 2, 2], 17.352527847799085, 0.01160287857055664, 0]
[[0, 6, 4, 7, 0, 0, 1, 1, 0, 4, 3], 72.95407224505273, 0.016779184341430664, 0]
[[0, 6, 4, 7, 0, 0, 1, 1, 0, 6, 4], 5.026410185165062, 0.03015875816345215, 0]
[[0, 6, 4, 7, 0, 2, 2, 3, 0, 0, 1], 1.0991277524857226, 0.02804088592529297, 0]
[[0, 6, 4, 7, 0, 2, 2, 3, 0, 2, 2], 14.797793481109082, 0.015231847763061523, 0]
[[0, 6, 4, 7, 0, 2, 2, 3, 0, 4, 3], 134.4787101808441, 0.020648479461669922, 0]
[[0, 6, 4, 7, 0, 2, 2, 3, 0, 6, 4], 7.549462223668539, 0.026158809661865234, 0]
[[0, 6, 4, 7, 0, 4, 3, 5, 0, 0, 1], 3.237491844149966, 0.02229595184326172, 0]
[[0, 6, 4, 7, 0, 4, 3, 5, 0, 2, 2], 7.901800505947211, 0.029762744903564453, 0]
[[0, 6, 4, 7, 0, 4, 3, 5, 0, 4, 3], 38.711538030679215, 0.020035982131958008, 0]
[[0, 6, 4, 7, 0, 4, 3, 5, 0, 6, 4], 2.217229745401717, 0.04283595085144043, 0]
[[0, 6, 4, 7, 0, 6, 4, 7, 0, 0, 1], 2.038560331623608, 0.015130043029785156, 0]
[[0, 6, 4, 7, 0, 6, 4, 7, 0, 2, 2], 14.061936693097437, 0.03620433807373047, 0]
[[0, 6, 4, 7, 0, 6, 4, 7, 0, 4, 3], 68.3109387409565, 0.053043365478515625, 0]
[[0, 6, 4, 7, 0, 6, 4, 7, 0, 6, 4], 4.5219960278408236, 0.01867532730102539, 0]
[[1, 1, 0, 0, 1, 1, 0, 0, 1, 1, 0], 27.90642410218732, 0.01548004150390625, 0]
[[1, 1, 0, 0, 1, 1, 0, 2, 2, 3, 0], 1.9193267449186, 0.027024030685424805, 0]
[[1, 1, 0, 0, 1, 1, 0, 4, 3, 5, 0], 11.425434482243173, 0.008408069610595703, 0]
[[1, 1, 0, 0, 1, 1, 0, 6, 4, 7, 0], 2.706251115225283, 0.009975671768188477, 0]
[[1, 1, 0, 2, 2, 3, 0, 0, 1, 1, 0], 1.2177452709343737, 0.006345033645629883, 0]
[[1, 1, 0, 2, 2, 3, 0, 2, 2, 3, 0], 1.4385545296887945, 0.006460905075073242, 0]
[[1, 1, 0, 2, 2, 3, 0, 4, 3, 5, 0], 3.119642703806272, 0.00927281379699707, 0]
[[1, 1, 0, 2, 2, 3, 0, 6, 4, 7, 0], 1.5111659043707382, 0.008062362670898438, 0]
[[1, 1, 0, 4, 3, 5, 0, 0, 1, 1, 0], 6.869402729810473, 0.009303808212280273, 0]
[[1, 1, 0, 4, 3, 5, 0, 2, 2, 3, 0], 2.776617687308097, 0.007824420928955078, 0]
[[1, 1, 0, 4, 3, 5, 0, 4, 3, 5, 0], 8.900923410249858, 0.009479761123657227, 0]
[[1, 1, 0, 4, 3, 5, 0, 6, 4, 7, 0], 5.861379828499822, 0.027006864547729492, 0]
[[1, 1, 0, 6, 4, 7, 0, 0, 1, 1, 0], 4.129242532107576, 0.008917093276977539, 0]
[[1, 1, 0, 6, 4, 7, 0, 2, 2, 3, 0], 1.6286890679473724, 0.008146047592163086, 0]
[[1, 1, 0, 6, 4, 7, 0, 4, 3, 5, 0], 6.25487540560147, 0.011229753494262695, 0]
[[1, 1, 0, 6, 4, 7, 0, 6, 4, 7, 0], 3.279571125954834, 0.009598970413208008, 0]
[[2, 3, 0, 0, 1, 1, 0, 0, 1, 1, 0], 11.404042097430876, 0.0066149234771728516, 0]
[[2, 3, 0, 0, 1, 1, 0, 2, 2, 3, 0], 32.124425400145476, 0.008423566818237305, 0]
[[2, 3, 0, 0, 1, 1, 0, 4, 3, 5, 0], 6.692524389241243, 0.011098623275756836, 0]
[[2, 3, 0, 0, 1, 1, 0, 6, 4, 7, 0], 15.62007014484443, 0.01055002212524414, 0]
[[2, 3, 0, 2, 2, 3, 0, 0, 1, 1, 0], 24.240454994726292, 0.013142585754394531, 0]
[[2, 3, 0, 2, 2, 3, 0, 2, 2, 3, 0], 9.572864657373428, 0.027056217193603516, 0]
[[2, 3, 0, 2, 2, 3, 0, 4, 3, 5, 0], 2.2579408073590956, 0.011941671371459961, 0]
[[2, 3, 0, 2, 2, 3, 0, 6, 4, 7, 0], 7.3758652128348485, 0.01843571662902832, 0]
[[2, 3, 0, 4, 3, 5, 0, 0, 1, 1, 0], 5.577713705874273, 0.009737014770507812, 0]
[[2, 3, 0, 4, 3, 5, 0, 2, 2, 3, 0], 11.10361580185192, 0.011787652969360352, 0]
[[2, 3, 0, 4, 3, 5, 0, 4, 3, 5, 0], 3.841905813117256, 0.013327836990356445, 0]
[[2, 3, 0, 4, 3, 5, 0, 6, 4, 7, 0], 7.107222104783468, 0.04007315635681152, 0]
[[2, 3, 0, 6, 4, 7, 0, 0, 1, 1, 0], 12.54221958188558, 0.008705615997314453, 0]
[[2, 3, 0, 6, 4, 7, 0, 2, 2, 3, 0], 24.674361748728906, 0.013826608657836914, 0]
[[2, 3, 0, 6, 4, 7, 0, 4, 3, 5, 0], 5.948491981577777, 0.014069080352783203, 0]
[[2, 3, 0, 6, 4, 7, 0, 6, 4, 7, 0], 11.658033966473416, 0.03526926040649414, 0]
[[3, 5, 0, 0, 1, 1, 0, 0, 1, 1, 0], 23.56395066526672, 0.010963678359985352, 0]
[[3, 5, 0, 0, 1, 1, 0, 2, 2, 3, 0], 162.82611471944298, 0.008842229843139648, 0]
[[3, 5, 0, 0, 1, 1, 0, 4, 3, 5, 0], 29.981030590449684, 0.010444402694702148, 0]
[[3, 5, 0, 0, 1, 1, 0, 6, 4, 7, 0], 92.10851410747667, 0.009624958038330078, 0]
[[3, 5, 0, 2, 2, 3, 0, 0, 1, 1, 0], 182.57517037444205, 0.009330987930297852, 0]
[[3, 5, 0, 2, 2, 3, 0, 2, 2, 3, 0], 26.6897169996511, 0.009015798568725586, 0]
[[3, 5, 0, 2, 2, 3, 0, 4, 3, 5, 0], 67.83200398220774, 0.01068568229675293, 0]
[[3, 5, 0, 2, 2, 3, 0, 6, 4, 7, 0], 177.40244087155628, 0.014550447463989258, 0]
[[3, 5, 0, 4, 3, 5, 0, 0, 1, 1, 0], 43.30112098151211, 0.029018878936767578, 0]
[[3, 5, 0, 4, 3, 5, 0, 2, 2, 3, 0], 71.53092013020037, 0.029011249542236328, 0]
[[3, 5, 0, 4, 3, 5, 0, 4, 3, 5, 0], 21.900105870043408, 0.0138397216796875, 0]
[[3, 5, 0, 4, 3, 5, 0, 6, 4, 7, 0], 45.083336322085465, 0.029024600982666016, 0]
[[3, 5, 0, 6, 4, 7, 0, 0, 1, 1, 0], 78.99221390921754, 0.010426521301269531, 0]
[[3, 5, 0, 6, 4, 7, 0, 2, 2, 3, 0], 162.14846420875688, 0.011128425598144531, 0]
[[3, 5, 0, 6, 4, 7, 0, 4, 3, 5, 0], 43.16136030881057, 0.012608051300048828, 0]
[[3, 5, 0, 6, 4, 7, 0, 6, 4, 7, 0], 89.94250411365744, 0.012770891189575195, 0]
[[4, 7, 0, 0, 1, 1, 0, 0, 1, 1, 0], 4.901092846142222, 0.008580207824707031, 0]
[[4, 7, 0, 0, 1, 1, 0, 2, 2, 3, 0], 11.042483086143877, 0.00836181640625, 0]
[[4, 7, 0, 0, 1, 1, 0, 4, 3, 5, 0], 2.482000909885136, 0.011018753051757812, 0]
[[4, 7, 0, 0, 1, 1, 0, 6, 4, 7, 0], 5.108578741657053, 0.02702617645263672, 0]
[[4, 7, 0, 2, 2, 3, 0, 0, 1, 1, 0], 10.631108539341533, 0.008452653884887695, 0]
[[4, 7, 0, 2, 2, 3, 0, 2, 2, 3, 0], 13.899487359134476, 0.01025843620300293, 0]
[[4, 7, 0, 2, 2, 3, 0, 4, 3, 5, 0], 5.617880857919539, 0.011866092681884766, 0]
[[4, 7, 0, 2, 2, 3, 0, 6, 4, 7, 0], 8.87126406051356, 0.04046273231506348, 0]
[[4, 7, 0, 4, 3, 5, 0, 0, 1, 1, 0], 2.5795659944754283, 0.021910429000854492, 0]
[[4, 7, 0, 4, 3, 5, 0, 2, 2, 3, 0], 4.59861816915897, 0.012396097183227539, 0]
[[4, 7, 0, 4, 3, 5, 0, 4, 3, 5, 0], 1.3379281259048075, 0.03697061538696289, 0]
[[4, 7, 0, 4, 3, 5, 0, 6, 4, 7, 0], 2.3605988336354127, 0.039008140563964844, 0]
[[4, 7, 0, 6, 4, 7, 0, 0, 1, 1, 0], 4.244492798895108, 0.010516643524169922, 0]
[[4, 7, 0, 6, 4, 7, 0, 2, 2, 3, 0], 6.891663497754696, 0.011467933654785156, 0]
[[4, 7, 0, 6, 4, 7, 0, 4, 3, 5, 0], 2.3966697086236475, 0.013158321380615234, 0]
[[4, 7, 0, 6, 4, 7, 0, 6, 4, 7, 0], 4.026602646726161, 0.01629185676574707, 0]
