[[0, 0, 1, 1, 0, 0, 1, 1, 0, 0, 1], 7.9999999999999999983, 0.01565718650817871, 0]
[[0, 0, 1, 1, 0, 0, 1, 1, 0, 2, 2], 1.2353547031813057702, 0.038001298904418945, 0]
[[0, 0, 1, 1, 0, 0, 1, 1, 0, 4, 3], 4.3292598295381795872, 0.020989179611206055, 0]
[[0, 0, 1, 1, 0, 0, 1, 1, 0, 6, 4], 1.0107322042150149878, 0.023995161056518555, 0]
[[0, 0, 1, 1, 0, 2, 2, 3, 0, 0, 1], 1.0000000000000000001, 0.015015840530395508, 0]
[[0, 0, 1, 1, 0, 2, 2, 3, 0, 2, 2], 1.3787042006706559647, 0.015012502670288086, 0]
[[0, 0, 1, 1, 0, 2, 2, 3, 0, 4, 3], 2.0263146098310819685, 0.03788185119628906, 0]
[[0, 0, 1, 1, 0, 2, 2, 3, 0, 6, 4], 1.0000000000000000004, 0.01802539825439453, 0]
[[0, 0, 1, 1, 0, 4, 3, 5, 0, 0, 1], 1.0, 0.01766037940979004, 0]
[[0, 0, 1, 1, 0, 4, 3, 5, 0, 2, 2], 1.1227877961535030466, 0.01772785186767578, 0]
[[0, 0, 1, 1, 0, 4, 3, 5, 0, 4, 3], 82.682008986527698716, 0.019624710083007812, 0]
[[0, 0, 1, 1, 0, 4, 3, 5, 0, 6, 4], 1.0022642047260903065, 0.019288301467895508, 0]
[[0, 0, 1, 1, 0, 6, 4, 7, 0, 0, 1], 1.0, 0.01708507537841797, 0]
[[0, 0, 1, 1, 0, 6, 4, 7, 0, 2, 2], 1.005833692712366494, 0.01745891571044922, 0]
[[0, 0, 1, 1, 0, 6, 4, 7, 0, 4, 3], 29.289182566229885491, 0.025484800338745117, 0]
[[0, 0, 1, 1, 0, 6, 4, 7, 0, 6, 4], 1.0000000000000000001, 0.023989200592041016, 0]
[[0, 2, 2, 3, 0, 0, 1, 1, 0, 0, 1], 1.02861333659284611, 0.01501321792602539, 0]
[[0, 2, 2, 3, 0, 0, 1, 1, 0, 2, 2], 1.0124783371665723823, 0.01498556137084961, 0]
[[0, 2, 2, 3, 0, 0, 1, 1, 0, 4, 3], 1.1055415072139515508, 0.01797175407409668, 0]
[[0, 2, 2, 3, 0, 0, 1, 1, 0, 6, 4], 1.0000207672656228878, 0.017991065979003906, 0]
[[0, 2, 2, 3, 0, 2, 2, 3, 0, 0, 1], 1.0286133365928461102, 0.01498723030090332, 0]
[[0, 2, 2, 3, 0, 2, 2, 3, 0, 2, 2], 429.62552934059285975, 0.01504659652709961, 0]
[[0, 2, 2, 3, 0, 2, 2, 3, 0, 4, 3], 22.420079510799926352, 0.022646427154541016, 0]
[[0, 2, 2, 3, 0, 2, 2, 3, 0, 6, 4], 1.5455669989701709689, 0.020986557006835938, 0]
[[0, 2, 2, 3, 0, 4, 3, 5, 0, 0, 1], 1.0017748149430760572, 0.022110462188720703, 0]
[[0, 2, 2, 3, 0, 4, 3, 5, 0, 2, 2], 1.1348269595861660561, 0.01813197135925293, 0]
[[0, 2, 2, 3, 0, 4, 3, 5, 0, 4, 3], 36.824670166274126305, 0.02464890480041504, 0]
[[0, 2, 2, 3, 0, 4, 3, 5, 0, 6, 4], 1.0026290866900962796, 0.019508838653564453, 0]
[[0, 2, 2, 3, 0, 6, 4, 7, 0, 0, 1], 1.0000000000000000004, 0.017390727996826172, 0]
[[0, 2, 2, 3, 0, 6, 4, 7, 0, 2, 2], 1.024956358878635201, 0.0209958553314209, 0]
[[0, 2, 2, 3, 0, 6, 4, 7, 0, 4, 3], 29.716425597587148489, 0.024049043655395508, 0]
[[0, 2, 2, 3, 0, 6, 4, 7, 0, 6, 4], 1.0001277196787973553, 0.019088029861450195, 0]
[[0, 4, 3, 5, 0, 0, 1, 1, 0, 0, 1], 2.2119524958780377064, 0.01969289779663086, 0]
[[0, 4, 3, 5, 0, 0, 1, 1, 0, 2, 2], 1.0772746098386467767, 0.03304862976074219, 0]
[[0, 4, 3, 5, 0, 0, 1, 1, 0, 4, 3], 1.8140539379644145793, 0.024054527282714844, 0]
[[0, 4, 3, 5, 0, 0, 1, 1, 0, 6, 4], 1.0033943237986695242, 0.02034473419189453, 0]
[[0, 4, 3, 5, 0, 2, 2, 3, 0, 0, 1], 1.0003854508514141003, 0.02397942543029785, 0]
[[0, 4, 3, 5, 0, 2, 2, 3, 0, 2, 2], 8.613900947037292168, 0.019135475158691406, 0]
[[0, 4, 3, 5, 0, 2, 2, 3, 0, 4, 3], 2.7047836848868851835, 0.023928165435791016, 0]
[[0, 4, 3, 5, 0, 2, 2, 3, 0, 6, 4], 1.0084209942958735691, 0.02998065948486328, 0]
[[0, 4, 3, 5, 0, 4, 3, 5, 0, 0, 1], 1.0147997105834374793, 0.029065608978271484, 0]
[[0, 4, 3, 5, 0, 4, 3, 5, 0, 2, 2], 1.2829864634084788653, 0.027010440826416016, 0]
[[0, 4, 3, 5, 0, 4, 3, 5, 0, 4, 3], 152.51615542202814711, 0.030002593994140625, 0]
[[0, 4, 3, 5, 0, 4, 3, 5, 0, 6, 4], 1.0153216065933358111, 0.02596735954284668, 0]
[[0, 4, 3, 5, 0, 6, 4, 7, 0, 0, 1], 1.0000144040331292762, 0.021436691284179688, 0]
[[0, 4, 3, 5, 0, 6, 4, 7, 0, 2, 2], 1.022902660939902205, 0.026984691619873047, 0]
[[0, 4, 3, 5, 0, 6, 4, 7, 0, 4, 3], 29.727681575637871522, 0.030119895935058594, 0]
[[0, 4, 3, 5, 0, 6, 4, 7, 0, 6, 4], 1.0002231032927082271, 0.029993772506713867, 0]
[[0, 6, 4, 7, 0, 0, 1, 1, 0, 0, 1], 1.0003061750096355075, 0.017417192459106445, 0]
[[0, 6, 4, 7, 0, 0, 1, 1, 0, 2, 2], 1.0115736436091709303, 0.0196378231048584, 0]
[[0, 6, 4, 7, 0, 0, 1, 1, 0, 4, 3], 1.0911154076405033927, 0.019572019577026367, 0]
[[0, 6, 4, 7, 0, 0, 1, 1, 0, 6, 4], 1.0, 0.019184112548828125, 0]
[[0, 6, 4, 7, 0, 2, 2, 3, 0, 0, 1], 1.0, 0.021055221557617188, 0]
[[0, 6, 4, 7, 0, 2, 2, 3, 0, 2, 2], 2.4799620851288136328, 0.018649816513061523, 0]
[[0, 6, 4, 7, 0, 2, 2, 3, 0, 4, 3], 2.0842522502352389074, 0.024090051651000977, 0]
[[0, 6, 4, 7, 0, 2, 2, 3, 0, 6, 4], 1.0000930162111616159, 0.0192415714263916, 0]
[[0, 6, 4, 7, 0, 4, 3, 5, 0, 0, 1], 1.0000108029859453153, 0.026402711868286133, 0]
[[0, 6, 4, 7, 0, 4, 3, 5, 0, 2, 2], 1.2741160690820173495, 0.026045560836791992, 0]
[[0, 6, 4, 7, 0, 4, 3, 5, 0, 4, 3], 213.62625688714012237, 0.024611949920654297, 0]
[[0, 6, 4, 7, 0, 4, 3, 5, 0, 6, 4], 1.0000043686519213901, 0.029979705810546875, 0]
[[0, 6, 4, 7, 0, 6, 4, 7, 0, 0, 1], 1.0, 0.02313232421875, 0]
[[0, 6, 4, 7, 0, 6, 4, 7, 0, 2, 2], 1.0058477482886976904, 0.02401447296142578, 0]
[[0, 6, 4, 7, 0, 6, 4, 7, 0, 4, 3], 29.288532328381236738, 0.025309085845947266, 0]
[[0, 6, 4, 7, 0, 6, 4, 7, 0, 6, 4], 1.0000000633135233761, 0.025031089782714844, 0]
[[1, 1, 0, 0, 1, 1, 0, 0, 1, 1, 0], 10.501685247601763028, 0.013177633285522461, 0]
[[1, 1, 0, 0, 1, 1, 0, 2, 2, 3, 0], 4.7977138962660058744, 0.014948606491088867, 0]
[[1, 1, 0, 0, 1, 1, 0, 4, 3, 5, 0], 9.350904442161103013, 0.017733335494995117, 0]
[[1, 1, 0, 0, 1, 1, 0, 6, 4, 7, 0], 1.1506992393096102483, 0.018062114715576172, 0]
[[1, 1, 0, 2, 2, 3, 0, 0, 1, 1, 0], 1.3127106559502203785, 0.01427459716796875, 0]
[[1, 1, 0, 2, 2, 3, 0, 2, 2, 3, 0], 5.345793561721467225, 0.014188051223754883, 0]
[[1, 1, 0, 2, 2, 3, 0, 4, 3, 5, 0], 7.3035659607272412886, 0.024668455123901367, 0]
[[1, 1, 0, 2, 2, 3, 0, 6, 4, 7, 0], 1.1503470317960659103, 0.017475366592407227, 0]
[[1, 1, 0, 4, 3, 5, 0, 0, 1, 1, 0], 1.3127106559502203785, 0.01807260513305664, 0]
[[1, 1, 0, 4, 3, 5, 0, 2, 2, 3, 0], 4.9442736966653680216, 0.017761707305908203, 0]
[[1, 1, 0, 4, 3, 5, 0, 4, 3, 5, 0], 251.9339128973082798, 0.022001028060913086, 0]
[[1, 1, 0, 4, 3, 5, 0, 6, 4, 7, 0], 1.1503594589788826382, 0.023718833923339844, 0]
[[1, 1, 0, 6, 4, 7, 0, 0, 1, 1, 0], 1.3127106559502203785, 0.01812267303466797, 0]
[[1, 1, 0, 6, 4, 7, 0, 2, 2, 3, 0], 4.6282300579033791377, 0.017791032791137695, 0]
[[1, 1, 0, 6, 4, 7, 0, 4, 3, 5, 0], 98.659002520705797616, 0.021807193756103516, 0]
[[1, 1, 0, 6, 4, 7, 0, 6, 4, 7, 0], 1.1503470317960659103, 0.02142953872680664, 0]
[[2, 3, 0, 0, 1, 1, 0, 0, 1, 1, 0], 1.3455003678657476864, 0.013948678970336914, 0]
[[2, 3, 0, 0, 1, 1, 0, 2, 2, 3, 0], 3.9436056250422282699, 0.014130830764770508, 0]
[[2, 3, 0, 0, 1, 1, 0, 4, 3, 5, 0], 3.9002605336639729955, 0.017884016036987305, 0]
[[2, 3, 0, 0, 1, 1, 0, 6, 4, 7, 0], 1.0341041308139360531, 0.017548561096191406, 0]
[[2, 3, 0, 2, 2, 3, 0, 0, 1, 1, 0], 1.5999593234210718156, 0.013782262802124023, 0]
[[2, 3, 0, 2, 2, 3, 0, 2, 2, 3, 0], 1840.8421916861118313, 0.014963865280151367, 0]
[[2, 3, 0, 2, 2, 3, 0, 4, 3, 5, 0], 28.904458517663919308, 0.018476486206054688, 0]
[[2, 3, 0, 2, 2, 3, 0, 6, 4, 7, 0], 2.5291997395990990622, 0.019295454025268555, 0]
[[2, 3, 0, 4, 3, 5, 0, 0, 1, 1, 0], 1.3670782866016428755, 0.020957231521606445, 0]
[[2, 3, 0, 4, 3, 5, 0, 2, 2, 3, 0], 5.1141921103712003776, 0.017863035202026367, 0]
[[2, 3, 0, 4, 3, 5, 0, 4, 3, 5, 0], 65.7970899485782415, 0.022159814834594727, 0]
[[2, 3, 0, 4, 3, 5, 0, 6, 4, 7, 0], 1.1553296625901764866, 0.0359041690826416, 0]
[[2, 3, 0, 6, 4, 7, 0, 0, 1, 1, 0], 1.3101241122477951039, 0.01745295524597168, 0]
[[2, 3, 0, 6, 4, 7, 0, 2, 2, 3, 0], 4.669638409650844001, 0.018700361251831055, 0]
[[2, 3, 0, 6, 4, 7, 0, 4, 3, 5, 0], 78.094307453675065774, 0.02204608917236328, 0]
[[2, 3, 0, 6, 4, 7, 0, 6, 4, 7, 0], 1.1501567539048539373, 0.03690981864929199, 0]
[[3, 5, 0, 0, 1, 1, 0, 0, 1, 1, 0], 3.6725644535733515377, 0.016499996185302734, 0]
[[3, 5, 0, 0, 1, 1, 0, 2, 2, 3, 0], 3.3356461261979721627, 0.01639413833618164, 0]
[[3, 5, 0, 0, 1, 1, 0, 4, 3, 5, 0], 4.9369365995170942795, 0.020090818405151367, 0]
[[3, 5, 0, 0, 1, 1, 0, 6, 4, 7, 0], 1.2306253948900682303, 0.019516468048095703, 0]
[[3, 5, 0, 2, 2, 3, 0, 0, 1, 1, 0], 1.3177800349716031347, 0.01617121696472168, 0]
[[3, 5, 0, 2, 2, 3, 0, 2, 2, 3, 0], 65.0422816383676219, 0.016474008560180664, 0]
[[3, 5, 0, 2, 2, 3, 0, 4, 3, 5, 0], 4.4093558530179307554, 0.019933223724365234, 0]
[[3, 5, 0, 2, 2, 3, 0, 6, 4, 7, 0], 1.1955857246024459665, 0.025484561920166016, 0]
[[3, 5, 0, 4, 3, 5, 0, 0, 1, 1, 0], 1.4294440915601226336, 0.03295493125915527, 0]
[[3, 5, 0, 4, 3, 5, 0, 2, 2, 3, 0], 5.523247483296619331, 0.024738073348999023, 0]
[[3, 5, 0, 4, 3, 5, 0, 4, 3, 5, 0], 133.16633351242035671, 0.024393081665039062, 0]
[[3, 5, 0, 4, 3, 5, 0, 6, 4, 7, 0], 1.2090388295236250229, 0.03092670440673828, 0]
[[3, 5, 0, 6, 4, 7, 0, 0, 1, 1, 0], 1.3100880368598108188, 0.01990985870361328, 0]
[[3, 5, 0, 6, 4, 7, 0, 2, 2, 3, 0], 4.7281243929509714718, 0.02139735221862793, 0]
[[3, 5, 0, 6, 4, 7, 0, 4, 3, 5, 0], 98.53774142102184676, 0.024500131607055664, 0]
[[3, 5, 0, 6, 4, 7, 0, 6, 4, 7, 0], 1.1501273205230639917, 0.02409958839416504, 0]
[[4, 7, 0, 0, 1, 1, 0, 0, 1, 1, 0], 1.2861796337628672351, 0.015811443328857422, 0]
[[4, 7, 0, 0, 1, 1, 0, 2, 2, 3, 0], 4.5260338251904019525, 0.016614913940429688, 0]
[[4, 7, 0, 0, 1, 1, 0, 4, 3, 5, 0], 4.094775644599114983, 0.019765377044677734, 0]
[[4, 7, 0, 0, 1, 1, 0, 6, 4, 7, 0], 1.117213890733345759, 0.02483057975769043, 0]
[[4, 7, 0, 2, 2, 3, 0, 0, 1, 1, 0], 1.3101239900306532403, 0.015888214111328125, 0]
[[4, 7, 0, 2, 2, 3, 0, 2, 2, 3, 0], 7.5657540552209122226, 0.016209125518798828, 0]
[[4, 7, 0, 2, 2, 3, 0, 4, 3, 5, 0], 5.5996393556311911724, 0.026857376098632812, 0]
[[4, 7, 0, 2, 2, 3, 0, 6, 4, 7, 0], 1.1502090354085051685, 0.01964879035949707, 0]
[[4, 7, 0, 4, 3, 5, 0, 0, 1, 1, 0], 1.313090378960644935, 0.021750450134277344, 0]
[[4, 7, 0, 4, 3, 5, 0, 2, 2, 3, 0], 5.090184668963668442, 0.020238161087036133, 0]
[[4, 7, 0, 4, 3, 5, 0, 4, 3, 5, 0], -1, 0.0291898250579834, 0]
[[4, 7, 0, 4, 3, 5, 0, 6, 4, 7, 0], 1.150107081668250782, 0.030070781707763672, 0]
[[4, 7, 0, 6, 4, 7, 0, 0, 1, 1, 0], 1.3101239900306532403, 0.032083749771118164, 0]
[[4, 7, 0, 6, 4, 7, 0, 2, 2, 3, 0], 4.62666670381534204, 0.019742965698242188, 0]
[[4, 7, 0, 6, 4, 7, 0, 4, 3, 5, 0], 98.65793851290984702, 0.023980140686035156, 0]
[[4, 7, 0, 6, 4, 7, 0, 6, 4, 7, 0], 1.150102130089701971, 0.0236356258392334, 0]
