[[0, 0, 1, 1, 0, 0, 1, 1, 0, 0, 1], 1.0314893221523633, 0.025049686431884766, 0.024835323]
[[0, 0, 1, 1, 0, 0, 1, 1, 0, 2, 2], 1.061031267309533, 0.07654666900634766, 0.076302826]
[[0, 0, 1, 1, 0, 0, 1, 1, 0, 4, 3], 1.0085091183856112, 0.09363102912902832, 0.09314212]
[[0, 0, 1, 1, 0, 0, 1, 1, 0, 6, 4], 1.0733825237743229, 0.0946495532989502, 0.094135644]
[[0, 0, 1, 1, 0, 2, 2, 3, 0, 0, 1], 1.073505050064659, 0.07709860801696777, 0.076853749]
[[0, 0, 1, 1, 0, 2, 2, 3, 0, 2, 2], 1.061031267309533, 0.08064532279968262, 0.080379818]
[[0, 0, 1, 1, 0, 2, 2, 3, 0, 4, 3], 1.0738623728423782, 0.05518198013305664, 0.054651383]
[[0, 0, 1, 1, 0, 2, 2, 3, 0, 6, 4], 1.0735050500646597, 0.12851166725158691, 0.127991549]
[[0, 0, 1, 1, 0, 4, 3, 5, 0, 0, 1], 1.073505050064659, 0.0641944408416748, 0.063527819]
[[0, 0, 1, 1, 0, 4, 3, 5, 0, 2, 2], 1.073760248752363, 0.061615705490112305, 0.060963459]
[[0, 0, 1, 1, 0, 4, 3, 5, 0, 4, 3], 1.0725205472253994, 0.07647275924682617, 0.075625993]
[[0, 0, 1, 1, 0, 4, 3, 5, 0, 6, 4], 1.07327199891826, 0.07464838027954102, 0.073808548]
[[0, 0, 1, 1, 0, 6, 4, 7, 0, 0, 1], 1.073505050064659, 0.06202960014343262, 0.061458071]
[[0, 0, 1, 1, 0, 6, 4, 7, 0, 2, 2], 1.0735050500646592, 0.06681299209594727, 0.066157653]
[[0, 0, 1, 1, 0, 6, 4, 7, 0, 4, 3], 1.0735144148251388, 0.07656335830688477, 0.075763476]
[[0, 0, 1, 1, 0, 6, 4, 7, 0, 6, 4], 1.07350505006466, 0.08087587356567383, 0.080012995]
[[0, 2, 2, 3, 0, 0, 1, 1, 0, 0, 1], 1.023824022354447, 0.07734465599060059, 0.077067444]
[[0, 2, 2, 3, 0, 0, 1, 1, 0, 2, 2], 1.0725834092277429, 0.07599234580993652, 0.075745031]
[[0, 2, 2, 3, 0, 0, 1, 1, 0, 4, 3], 1.0516859732923107, 0.0949409008026123, 0.094462655]
[[0, 2, 2, 3, 0, 0, 1, 1, 0, 6, 4], 1.0735273438291821, 0.09839534759521484, 0.09787316]
[[0, 2, 2, 3, 0, 2, 2, 3, 0, 0, 1], 1.0238240223544468, 0.09002375602722168, 0.089769391]
[[0, 2, 2, 3, 0, 2, 2, 3, 0, 2, 2], 1.034592024711495, 0.08640336990356445, 0.086165916]
[[0, 2, 2, 3, 0, 2, 2, 3, 0, 4, 3], 1.0109626629811335, 0.09977388381958008, 0.099256411]
[[0, 2, 2, 3, 0, 2, 2, 3, 0, 6, 4], 1.115244846716897, 0.09248805046081543, 0.091979763]
[[0, 2, 2, 3, 0, 4, 3, 5, 0, 0, 1], 1.0754103228689815, 0.10250711441040039, 0.10188004]
[[0, 2, 2, 3, 0, 4, 3, 5, 0, 2, 2], 1.0242726783374085, 0.061911821365356445, 0.061243836]
[[0, 2, 2, 3, 0, 4, 3, 5, 0, 4, 3], 1.010228931757424, 0.07384037971496582, 0.073035416]
[[0, 2, 2, 3, 0, 4, 3, 5, 0, 6, 4], 1.072002361295827, 0.07485175132751465, 0.074053546]
[[0, 2, 2, 3, 0, 6, 4, 7, 0, 0, 1], 1.073505050064659, 0.07369399070739746, 0.073071395]
[[0, 2, 2, 3, 0, 6, 4, 7, 0, 2, 2], 1.0583986168267205, 0.07561039924621582, 0.074997599]
[[0, 2, 2, 3, 0, 6, 4, 7, 0, 4, 3], 1.057259628407036, 0.08415079116821289, 0.083293716]
[[0, 2, 2, 3, 0, 6, 4, 7, 0, 6, 4], 1.0734901934880252, 0.07068634033203125, 0.069899475]
[[0, 4, 3, 5, 0, 0, 1, 1, 0, 0, 1], 1.0490631085861926, 0.056238412857055664, 0.055596816]
[[0, 4, 3, 5, 0, 0, 1, 1, 0, 2, 2], 1.0625423813536499, 0.4778156280517578, 0.476925194]
[[0, 4, 3, 5, 0, 0, 1, 1, 0, 4, 3], 1.003462086110627, 0.12180805206298828, 0.120996048]
[[0, 4, 3, 5, 0, 0, 1, 1, 0, 6, 4], 1.07281455764693, 0.0713963508605957, 0.070592861]
[[0, 4, 3, 5, 0, 2, 2, 3, 0, 0, 1], 1.073918833500204, 0.06501388549804688, 0.064342415]
[[0, 4, 3, 5, 0, 2, 2, 3, 0, 2, 2], 1.0238546877858523, 0.06583738327026367, 0.065171169]
[[0, 4, 3, 5, 0, 2, 2, 3, 0, 4, 3], 1.0293043582294819, 0.16324281692504883, 0.16232567]
[[0, 4, 3, 5, 0, 2, 2, 3, 0, 6, 4], 1.0730680353503559, 0.08217597007751465, 0.081328957]
[[0, 4, 3, 5, 0, 4, 3, 5, 0, 0, 1], 1.0623819542879689, 0.11531662940979004, 0.114262663]
[[0, 4, 3, 5, 0, 4, 3, 5, 0, 2, 2], 1.0615412180322117, 0.09469985961914062, 0.093668894]
[[0, 4, 3, 5, 0, 4, 3, 5, 0, 4, 3], 1.0593450609535735, 0.11620187759399414, 0.114894919]
[[0, 4, 3, 5, 0, 4, 3, 5, 0, 6, 4], 1.0857072065550417, 0.10549211502075195, 0.104337857]
[[0, 4, 3, 5, 0, 6, 4, 7, 0, 0, 1], 1.0735205128669647, 0.08944582939147949, 0.088475321]
[[0, 4, 3, 5, 0, 6, 4, 7, 0, 2, 2], 1.0720291016673373, 0.1332108974456787, 0.132171235]
[[0, 4, 3, 5, 0, 6, 4, 7, 0, 4, 3], 1.0729623114712221, 0.15287208557128906, 0.151709388]
[[0, 4, 3, 5, 0, 6, 4, 7, 0, 6, 4], 1.0736275298153461, 0.1084744930267334, 0.107228662]
[[0, 6, 4, 7, 0, 0, 1, 1, 0, 0, 1], 1.0738337304837065, 0.0530247688293457, 0.052371683]
[[0, 6, 4, 7, 0, 0, 1, 1, 0, 2, 2], 1.0735108197149155, 0.053443193435668945, 0.052793521]
[[0, 6, 4, 7, 0, 0, 1, 1, 0, 4, 3], 1.073615829645107, 0.0691063404083252, 0.06826019]
[[0, 6, 4, 7, 0, 0, 1, 1, 0, 6, 4], 1.07350505006466, 0.06819462776184082, 0.06735487]
[[0, 6, 4, 7, 0, 2, 2, 3, 0, 0, 1], 1.073505050064659, 0.06616878509521484, 0.065533096]
[[0, 6, 4, 7, 0, 2, 2, 3, 0, 2, 2], 1.0913286937945068, 0.11114621162414551, 0.110503069]
[[0, 6, 4, 7, 0, 2, 2, 3, 0, 4, 3], 1.0781951486454948, 0.06734514236450195, 0.066538313]
[[0, 6, 4, 7, 0, 2, 2, 3, 0, 6, 4], 1.0735998441479089, 0.06752395629882812, 0.066710392]
[[0, 6, 4, 7, 0, 4, 3, 5, 0, 0, 1], 1.0735166471246271, 0.08754563331604004, 0.086522363]
[[0, 6, 4, 7, 0, 4, 3, 5, 0, 2, 2], 1.0737423871977403, 0.08733415603637695, 0.086373209]
[[0, 6, 4, 7, 0, 4, 3, 5, 0, 4, 3], 1.0743155673567508, 0.11515474319458008, 0.113892984]
[[0, 6, 4, 7, 0, 4, 3, 5, 0, 6, 4], 1.0735097398345594, 0.10875320434570312, 0.107557846]
[[0, 6, 4, 7, 0, 6, 4, 7, 0, 0, 1], 1.073505050064659, 0.08558106422424316, 0.084485687]
[[0, 6, 4, 7, 0, 6, 4, 7, 0, 2, 2], 1.0735200512843266, 0.08594727516174316, 0.084879062]
[[0, 6, 4, 7, 0, 6, 4, 7, 0, 4, 3], 1.0735275515214107, 0.10405278205871582, 0.102859836]
[[0, 6, 4, 7, 0, 6, 4, 7, 0, 6, 4], 1.073505118032047, 0.10870933532714844, 0.107464067]
[[1, 1, 0, 0, 1, 1, 0, 0, 1, 1, 0], 1.0, 0.02243781089782715, 0.022235505]
[[1, 1, 0, 0, 1, 1, 0, 2, 2, 3, 0], 1.0459079635705857, 0.07721567153930664, 0.07694002]
[[1, 1, 0, 0, 1, 1, 0, 4, 3, 5, 0], 1.0437414771265991, 0.0658872127532959, 0.065262371]
[[1, 1, 0, 0, 1, 1, 0, 6, 4, 7, 0], 1.0423108332114681, 0.055498600006103516, 0.054892741]
[[1, 1, 0, 2, 2, 3, 0, 0, 1, 1, 0], 1.042249543056105, 0.024447202682495117, 0.024206618]
[[1, 1, 0, 2, 2, 3, 0, 2, 2, 3, 0], 1.045907963570586, 0.025118350982666016, 0.024863732]
[[1, 1, 0, 2, 2, 3, 0, 4, 3, 5, 0], 1.0423242531927794, 0.07213401794433594, 0.071491831]
[[1, 1, 0, 2, 2, 3, 0, 6, 4, 7, 0], 1.0422495430561054, 0.05361604690551758, 0.053004333]
[[1, 1, 0, 4, 3, 5, 0, 0, 1, 1, 0], 1.0422495430561052, 0.06095600128173828, 0.060279621]
[[1, 1, 0, 4, 3, 5, 0, 2, 2, 3, 0], 1.0424227090355418, 0.06183910369873047, 0.061193407]
[[1, 1, 0, 4, 3, 5, 0, 4, 3, 5, 0], 1.0424233651309187, 0.09511780738830566, 0.094063153]
[[1, 1, 0, 4, 3, 5, 0, 6, 4, 7, 0], 1.0422510590164116, 0.09080123901367188, 0.089780769]
[[1, 1, 0, 6, 4, 7, 0, 0, 1, 1, 0], 1.0422495430561054, 0.0583493709564209, 0.057723665]
[[1, 1, 0, 6, 4, 7, 0, 2, 2, 3, 0], 1.0422495430561052, 0.058310508728027344, 0.057665106]
[[1, 1, 0, 6, 4, 7, 0, 4, 3, 5, 0], 1.0422546868238591, 0.09277200698852539, 0.091722805]
[[1, 1, 0, 6, 4, 7, 0, 6, 4, 7, 0], 1.042249543056105, 0.12981700897216797, 0.128851397]
[[2, 3, 0, 0, 1, 1, 0, 0, 1, 1, 0], 1.4424560438336982, 0.027802705764770508, 0.027534207]
[[2, 3, 0, 0, 1, 1, 0, 2, 2, 3, 0], 1.4651690142213847, 0.02527451515197754, 0.025022966]
[[2, 3, 0, 0, 1, 1, 0, 4, 3, 5, 0], 1.4676331639116331, 0.06844830513000488, 0.067815986]
[[2, 3, 0, 0, 1, 1, 0, 6, 4, 7, 0], 1.4646269004675894, 0.05580425262451172, 0.055143111]
[[2, 3, 0, 2, 2, 3, 0, 0, 1, 1, 0], 1.4424560438336975, 0.024626970291137695, 0.024372978]
[[2, 3, 0, 2, 2, 3, 0, 2, 2, 3, 0], 1.0, 0.08224749565124512, 0.081997537]
[[2, 3, 0, 2, 2, 3, 0, 4, 3, 5, 0], 1.1006871322822438, 0.05832552909851074, 0.0576745]
[[2, 3, 0, 2, 2, 3, 0, 6, 4, 7, 0], 1.2964182518379521, 0.4373939037322998, 0.436590055]
[[2, 3, 0, 4, 3, 5, 0, 0, 1, 1, 0], 1.451129392063742, 0.06938695907592773, 0.068701032]
[[2, 3, 0, 4, 3, 5, 0, 2, 2, 3, 0], 1.448167883578919, 0.05948472023010254, 0.058842446]
[[2, 3, 0, 4, 3, 5, 0, 4, 3, 5, 0], 1.4624897262968592, 0.09293222427368164, 0.09189124]
[[2, 3, 0, 4, 3, 5, 0, 6, 4, 7, 0], 1.4708271369378734, 0.11029815673828125, 0.109196024]
[[2, 3, 0, 6, 4, 7, 0, 0, 1, 1, 0], 1.4646242992299452, 0.06008601188659668, 0.059435482]
[[2, 3, 0, 6, 4, 7, 0, 2, 2, 3, 0], 1.4726992922812392, 0.061830759048461914, 0.061196328]
[[2, 3, 0, 6, 4, 7, 0, 4, 3, 5, 0], 1.4669525547376354, 0.08871293067932129, 0.087767354]
[[2, 3, 0, 6, 4, 7, 0, 6, 4, 7, 0], 1.4646419012540004, 0.08574056625366211, 0.084702971]
[[3, 5, 0, 0, 1, 1, 0, 0, 1, 1, 0], 1.1726993012858915, 0.04276561737060547, 0.042250534]
[[3, 5, 0, 0, 1, 1, 0, 2, 2, 3, 0], 1.1739121637710115, 0.04169726371765137, 0.041199307]
[[3, 5, 0, 0, 1, 1, 0, 4, 3, 5, 0], 1.174957183217914, 0.07391095161437988, 0.073120816]
[[3, 5, 0, 0, 1, 1, 0, 6, 4, 7, 0], 1.1740136507874626, 0.11008524894714355, 0.109236172]
[[3, 5, 0, 2, 2, 3, 0, 0, 1, 1, 0], 1.1798543552733436, 0.040569305419921875, 0.040067405]
[[3, 5, 0, 2, 2, 3, 0, 2, 2, 3, 0], 1.1847374962752069, 0.040862083435058594, 0.040329685]
[[3, 5, 0, 2, 2, 3, 0, 4, 3, 5, 0], 1.2288730718315546, 0.07122993469238281, 0.070412725]
[[3, 5, 0, 2, 2, 3, 0, 6, 4, 7, 0], 1.1930022681908303, 0.06856942176818848, 0.067774234]
[[3, 5, 0, 4, 3, 5, 0, 0, 1, 1, 0], 1.2505432784109032, 0.08152318000793457, 0.080683803]
[[3, 5, 0, 4, 3, 5, 0, 2, 2, 3, 0], 1.2747619273332076, 0.11328434944152832, 0.112400302]
[[3, 5, 0, 4, 3, 5, 0, 4, 3, 5, 0], 1.2637629661834673, 0.1584000587463379, 0.157252524]
[[3, 5, 0, 4, 3, 5, 0, 6, 4, 7, 0], 1.2288883898978062, 0.15563726425170898, 0.154394164]
[[3, 5, 0, 6, 4, 7, 0, 0, 1, 1, 0], 1.1740778193755568, 0.0710299015045166, 0.070205082]
[[3, 5, 0, 6, 4, 7, 0, 2, 2, 3, 0], 1.1893451405176487, 0.07269096374511719, 0.071805363]
[[3, 5, 0, 6, 4, 7, 0, 4, 3, 5, 0], 1.1811044675372242, 0.10373592376708984, 0.102567682]
[[3, 5, 0, 6, 4, 7, 0, 6, 4, 7, 0], 1.1740509529795795, 0.1497793197631836, 0.14859327]
[[4, 7, 0, 0, 1, 1, 0, 0, 1, 1, 0], 1.3066032658328, 0.04233050346374512, 0.041831595]
[[4, 7, 0, 0, 1, 1, 0, 2, 2, 3, 0], 1.294536071204645, 0.03966641426086426, 0.039135816]
[[4, 7, 0, 0, 1, 1, 0, 4, 3, 5, 0], 1.2987549696670049, 0.07386469841003418, 0.073026038]
[[4, 7, 0, 0, 1, 1, 0, 6, 4, 7, 0], 1.2945103195902012, 0.07062339782714844, 0.069764985]
[[4, 7, 0, 2, 2, 3, 0, 0, 1, 1, 0], 1.2945103195902008, 0.040941476821899414, 0.040445462]
[[4, 7, 0, 2, 2, 3, 0, 2, 2, 3, 0], 1.2616940073568006, 0.04143023490905762, 0.040925575]
[[4, 7, 0, 2, 2, 3, 0, 4, 3, 5, 0], 1.2990080134921116, 0.07364201545715332, 0.072810641]
[[4, 7, 0, 2, 2, 3, 0, 6, 4, 7, 0], 1.294628466221467, 0.08854031562805176, 0.087691155]
[[4, 7, 0, 4, 3, 5, 0, 0, 1, 1, 0], 1.2974413559737896, 0.08144497871398926, 0.080590995]
[[4, 7, 0, 4, 3, 5, 0, 2, 2, 3, 0], 1.2973971421754433, 0.0866389274597168, 0.085811484]
[[4, 7, 0, 4, 3, 5, 0, 4, 3, 5, 0], 1.297862052314392, 0.11216163635253906, 0.110936526]
[[4, 7, 0, 4, 3, 5, 0, 6, 4, 7, 0], 1.294515056373344, 0.1694045066833496, 0.168048458]
[[4, 7, 0, 6, 4, 7, 0, 0, 1, 1, 0], 1.294510319590201, 0.12329840660095215, 0.122493427]
[[4, 7, 0, 6, 4, 7, 0, 2, 2, 3, 0], 1.2946679092516797, 0.07302975654602051, 0.072164593]
[[4, 7, 0, 6, 4, 7, 0, 4, 3, 5, 0], 1.294682068009391, 0.1051948070526123, 0.103997206]
[[4, 7, 0, 6, 4, 7, 0, 6, 4, 7, 0], 1.2945104015502102, 0.11331605911254883, 0.112067761]
