[[0, 1, 2, 4, 0, 1, 2, 4, 0, 1, 2], 1.0076569994318694, 0.7917864322662354, 0]
[[0, 1, 2, 4, 0, 1, 2, 4, 0, 0, 1], 1.0829764189959044, 0.8414697647094727, 0]
[[0, 1, 2, 4, 0, 1, 2, 4, 0, 2, 3], 1.080451651055407, 0.8039813041687012, 0]
[[0, 1, 2, 4, 0, 0, 1, 3, 0, 1, 2], 1.2695465430216921, 0.8517022132873535, 0]
[[0, 1, 2, 4, 0, 0, 1, 3, 0, 0, 1], 1.0032905679491908, 0.9100043773651123, 0]
[[0, 1, 2, 4, 0, 0, 1, 3, 0, 2, 3], 1.5093947720724004, 0.8588104248046875, 0]
[[0, 1, 2, 4, 0, 2, 3, 5, 0, 1, 2], 1.121719349578995, 0.8669333457946777, 0]
[[0, 1, 2, 4, 0, 2, 3, 5, 0, 2, 3], 1.2428638201088522, 0.8602855205535889, 0]
[[0, 0, 1, 3, 0, 1, 2, 4, 0, 1, 2], 1.0047764458216975, 0.8589274883270264, 0]
[[0, 0, 1, 3, 0, 1, 2, 4, 0, 0, 1], 1.2537346160599645, 0.9192733764648438, 0]
[[0, 0, 1, 3, 0, 1, 2, 4, 0, 2, 3], 1.2134725091919134, 0.8570799827575684, 0]
[[0, 0, 1, 3, 0, 0, 1, 3, 0, 1, 2], 1.086847816610012, 0.935835599899292, 0]
[[0, 0, 1, 3, 0, 0, 1, 3, 0, 0, 1], 1.0193603048510365, 0.9722750186920166, 0]
[[0, 0, 1, 3, 0, 0, 1, 3, 0, 2, 3], 1.2358004508970135, 0.9664924144744873, 0]
[[0, 0, 1, 3, 0, 2, 3, 5, 0, 1, 2], 1.0202772993171962, 0.8601679801940918, 0]
[[0, 0, 1, 3, 0, 2, 3, 5, 0, 0, 1], 1.0788952978358701, 0.9139120578765869, 0]
[[0, 0, 1, 3, 0, 2, 3, 5, 0, 2, 3], 1.020449560441664, 0.9245460033416748, 0]
[[0, 2, 3, 5, 0, 1, 2, 4, 0, 1, 2], 1.0019903697034795, 0.7764892578125, 0]
[[0, 2, 3, 5, 0, 1, 2, 4, 0, 0, 1], 1.1611506429143539, 0.8599488735198975, 0]
[[0, 2, 3, 5, 0, 1, 2, 4, 0, 2, 3], 1.2105274542117623, 0.7988865375518799, 0]
[[0, 2, 3, 5, 0, 0, 1, 3, 0, 1, 2], 1.0748584385474929, 0.8998064994812012, 0]
[[0, 2, 3, 5, 0, 0, 1, 3, 0, 0, 1], 1.0228123392085684, 1.081181526184082, 0]
[[0, 2, 3, 5, 0, 0, 1, 3, 0, 2, 3], 1.1002482492444807, 0.8903751373291016, 0]
[[0, 2, 3, 5, 0, 2, 3, 5, 0, 1, 2], 1.2772771649840575, 0.8321022987365723, 0]
[[0, 2, 3, 5, 0, 2, 3, 5, 0, 0, 1], 1.0858091280507869, 0.9297761917114258, 0]
[[0, 2, 3, 5, 0, 2, 3, 5, 0, 2, 3], 1.0141985073605806, 0.8293373584747314, 0]
[[1, 3, 0, 1, 2, 4, 0, 1, 2, 4, 0], 1.0876182541722899, 0.849043607711792, 0]
[[1, 3, 0, 1, 2, 4, 0, 0, 1, 3, 0], 1.3862474570359857, 0.8814148902893066, 0]
[[1, 3, 0, 1, 2, 4, 0, 2, 3, 5, 0], 1.1211234125271023, 0.8325622081756592, 0]
[[1, 3, 0, 0, 1, 3, 0, 1, 2, 4, 0], 1.1004497492520877, 0.9001076221466064, 0]
[[1, 3, 0, 0, 1, 3, 0, 0, 1, 3, 0], 1.0087245809157417, 0.9725861549377441, 0]
[[1, 3, 0, 0, 1, 3, 0, 2, 3, 5, 0], 1.103459413246101, 0.9089829921722412, 0]
[[1, 3, 0, 2, 3, 5, 0, 0, 1, 3, 0], 1.066378721840907, 0.9180102348327637, 0]
[[1, 3, 0, 2, 3, 5, 0, 2, 3, 5, 0], 1.0817498922151736, 0.8414411544799805, 0]
[[3, 5, 0, 1, 2, 4, 0, 1, 2, 4, 0], 1.0944949642750272, 0.7787692546844482, 0]
[[3, 5, 0, 1, 2, 4, 0, 0, 1, 3, 0], 1.0039988283394947, 0.8441736698150635, 0]
[[3, 5, 0, 1, 2, 4, 0, 2, 3, 5, 0], 1.4483744727037349, 0.851902961730957, 0]
[[3, 5, 0, 0, 1, 3, 0, 1, 2, 4, 0], 1.192043743331215, 0.8817188739776611, 0]
[[3, 5, 0, 0, 1, 3, 0, 0, 1, 3, 0], 1.0388677928646688, 0.9399681091308594, 0]
[[3, 5, 0, 0, 1, 3, 0, 2, 3, 5, 0], 1.0061580135859318, 0.9163830280303955, 0]
[[3, 5, 0, 2, 3, 5, 0, 1, 2, 4, 0], 1.0280582683449457, 0.8506510257720947, 0]
[[3, 5, 0, 2, 3, 5, 0, 0, 1, 3, 0], 1.0109609185438646, 0.9362831115722656, 0]
[[3, 5, 0, 2, 3, 5, 0, 2, 3, 5, 0], 1.0418330215973135, 0.8529789447784424, 0]
[[2, 4, 0, 1, 2, 4, 0, 1, 2, 4, 0], 1.0020660890643653, 0.8078963756561279, 0]
[[2, 4, 0, 1, 2, 4, 0, 0, 1, 3, 0], 1.0698564664476629, 0.8605020046234131, 0]
[[2, 4, 0, 1, 2, 4, 0, 2, 3, 5, 0], 1.0271410391725069, 0.8109102249145508, 0]
[[2, 4, 0, 0, 1, 3, 0, 1, 2, 4, 0], 1.329083414595348, 0.8806631565093994, 0]
[[2, 4, 0, 0, 1, 3, 0, 0, 1, 3, 0], 1.1048188076812753, 0.9877660274505615, 0]
[[2, 4, 0, 0, 1, 3, 0, 2, 3, 5, 0], 1.0319932250043709, 0.8776867389678955, 0]
[[2, 4, 0, 2, 3, 5, 0, 1, 2, 4, 0], 1.129919165786984, 0.856107234954834, 0]
[[2, 4, 0, 2, 3, 5, 0, 0, 1, 3, 0], 1.0627857274176487, 1.0188121795654297, 0]
[[2, 4, 0, 2, 3, 5, 0, 2, 3, 5, 0], 1.2274817494159744, 0.9997241497039795, 0]
