[[0, 0, 1, 1, 0, 0, 1, 1, 0, 0, 1, 1, 0, 0, 1], 78.99761502544165, 0.03336620330810547, 0]
[[0, 0, 1, 1, 0, 0, 1, 1, 0, 0, 1, 1, 0, 2, 2], 2.269974875673292, 0.013669967651367188, 0]
[[0, 0, 1, 1, 0, 0, 1, 1, 0, 0, 1, 1, 0, 4, 3], 3.0689086901812415, 0.01584458351135254, 0]
[[0, 0, 1, 1, 0, 0, 1, 1, 0, 0, 1, 1, 0, 6, 4], 1.3239978784043722, 0.014423131942749023, 0]
[[0, 0, 1, 1, 0, 0, 1, 1, 0, 2, 2, 3, 0, 0, 1], 5.7259104557700455, 0.040038347244262695, 0]
[[0, 0, 1, 1, 0, 0, 1, 1, 0, 2, 2, 3, 0, 2, 2], 4.442728119588177, 0.04061603546142578, 0]
[[0, 0, 1, 1, 0, 0, 1, 1, 0, 2, 2, 3, 0, 4, 3], 23.191348584784492, 0.025475263595581055, 0]
[[0, 0, 1, 1, 0, 0, 1, 1, 0, 2, 2, 3, 0, 6, 4], 1.3888596481050832, 0.017303466796875, 0]
[[0, 0, 1, 1, 0, 0, 1, 1, 0, 4, 3, 5, 0, 0, 1], 20.21290570421451, 0.02414560317993164, 0]
[[0, 0, 1, 1, 0, 0, 1, 1, 0, 4, 3, 5, 0, 2, 2], 1.5776094033638801, 0.01880335807800293, 0]
[[0, 0, 1, 1, 0, 0, 1, 1, 0, 4, 3, 5, 0, 4, 3], 7.045321382805407, 0.02323150634765625, 0]
[[0, 0, 1, 1, 0, 0, 1, 1, 0, 4, 3, 5, 0, 6, 4], 2.6381959066343748, 0.02115774154663086, 0]
[[0, 0, 1, 1, 0, 0, 1, 1, 0, 6, 4, 7, 0, 0, 1], 10.572151677989021, 0.06576943397521973, 0]
[[0, 0, 1, 1, 0, 0, 1, 1, 0, 6, 4, 7, 0, 2, 2], 3.2566792572521486, 0.0559237003326416, 0]
[[0, 0, 1, 1, 0, 0, 1, 1, 0, 6, 4, 7, 0, 4, 3], 14.914275584554723, 0.020230770111083984, 0]
[[0, 0, 1, 1, 0, 0, 1, 1, 0, 6, 4, 7, 0, 6, 4], 1.269464756456214, 0.020648479461669922, 0]
[[0, 0, 1, 1, 0, 2, 2, 3, 0, 0, 1, 1, 0, 0, 1], 5.6508041899145764, 0.018998384475708008, 0]
[[0, 0, 1, 1, 0, 2, 2, 3, 0, 0, 1, 1, 0, 2, 2], 4.540588702575969, 0.1241762638092041, 0]
[[0, 0, 1, 1, 0, 2, 2, 3, 0, 0, 1, 1, 0, 4, 3], 18.020159301412995, 0.01877427101135254, 0]
[[0, 0, 1, 1, 0, 2, 2, 3, 0, 0, 1, 1, 0, 6, 4], 1.4222496610355422, 0.02420353889465332, 0]
[[0, 0, 1, 1, 0, 2, 2, 3, 0, 2, 2, 3, 0, 0, 1], 5.3916736224525454, 0.08007550239562988, 0]
[[0, 0, 1, 1, 0, 2, 2, 3, 0, 2, 2, 3, 0, 2, 2], 7.15161456032935, 0.04511094093322754, 0]
[[0, 0, 1, 1, 0, 2, 2, 3, 0, 2, 2, 3, 0, 4, 3], 44.33828633182692, 0.020971059799194336, 0]
[[0, 0, 1, 1, 0, 2, 2, 3, 0, 2, 2, 3, 0, 6, 4], 2.1178685026718016, 0.02058577537536621, 0]
[[0, 0, 1, 1, 0, 2, 2, 3, 0, 4, 3, 5, 0, 0, 1], 12.325904416068548, 0.03227734565734863, 0]
[[0, 0, 1, 1, 0, 2, 2, 3, 0, 4, 3, 5, 0, 2, 2], 2.7900768348254745, 0.02182936668395996, 0]
[[0, 0, 1, 1, 0, 2, 2, 3, 0, 4, 3, 5, 0, 4, 3], 11.195142536022198, 0.04410839080810547, 0]
[[0, 0, 1, 1, 0, 2, 2, 3, 0, 4, 3, 5, 0, 6, 4], 1.4591897473946756, 0.03398919105529785, 0]
[[0, 0, 1, 1, 0, 2, 2, 3, 0, 6, 4, 7, 0, 0, 1], 6.821608568617454, 0.07994747161865234, 0]
[[0, 0, 1, 1, 0, 2, 2, 3, 0, 6, 4, 7, 0, 2, 2], 3.26216446152971, 0.10413455963134766, 0]
[[0, 0, 1, 1, 0, 2, 2, 3, 0, 6, 4, 7, 0, 4, 3], 22.7116705597332, 0.03585481643676758, 0]
[[0, 0, 1, 1, 0, 2, 2, 3, 0, 6, 4, 7, 0, 6, 4], 1.390221201207091, 0.0828557014465332, 0]
[[0, 0, 1, 1, 0, 4, 3, 5, 0, 0, 1, 1, 0, 0, 1], 17.525333038102502, 0.04105257987976074, 0]
[[0, 0, 1, 1, 0, 4, 3, 5, 0, 0, 1, 1, 0, 2, 2], 1.4808092524717509, 0.10606074333190918, 0]
[[0, 0, 1, 1, 0, 4, 3, 5, 0, 0, 1, 1, 0, 4, 3], 7.937091927951549, 0.04940319061279297, 0]
[[0, 0, 1, 1, 0, 4, 3, 5, 0, 0, 1, 1, 0, 6, 4], 2.123672561167246, 0.02616286277770996, 0]
[[0, 0, 1, 1, 0, 4, 3, 5, 0, 2, 2, 3, 0, 0, 1], 11.031385691147301, 0.021544694900512695, 0]
[[0, 0, 1, 1, 0, 4, 3, 5, 0, 2, 2, 3, 0, 2, 2], 2.5328360276870527, 0.02332472801208496, 0]
[[0, 0, 1, 1, 0, 4, 3, 5, 0, 2, 2, 3, 0, 4, 3], 13.432823303643131, 0.02473926544189453, 0]
[[0, 0, 1, 1, 0, 4, 3, 5, 0, 2, 2, 3, 0, 6, 4], 1.4361452876955423, 0.09406447410583496, 0]
[[0, 0, 1, 1, 0, 4, 3, 5, 0, 4, 3, 5, 0, 0, 1], 27.41815030382464, 0.04864692687988281, 0]
[[0, 0, 1, 1, 0, 4, 3, 5, 0, 4, 3, 5, 0, 2, 2], 1.1003254181876845, 0.06282877922058105, 0]
[[0, 0, 1, 1, 0, 4, 3, 5, 0, 4, 3, 5, 0, 4, 3], 4.0895191987274435, 0.052224159240722656, 0]
[[0, 0, 1, 1, 0, 4, 3, 5, 0, 4, 3, 5, 0, 6, 4], 4.253283836562515, 0.04579281806945801, 0]
[[0, 0, 1, 1, 0, 4, 3, 5, 0, 6, 4, 7, 0, 0, 1], 19.699843463173604, 0.022597789764404297, 0]
[[0, 0, 1, 1, 0, 4, 3, 5, 0, 6, 4, 7, 0, 2, 2], 1.3980671951721488, 0.035764217376708984, 0]
[[0, 0, 1, 1, 0, 4, 3, 5, 0, 6, 4, 7, 0, 4, 3], 7.213162541309806, 0.026016712188720703, 0]
[[0, 0, 1, 1, 0, 4, 3, 5, 0, 6, 4, 7, 0, 6, 4], 2.8567339742025313, 0.0272064208984375, 0]
[[0, 0, 1, 1, 0, 6, 4, 7, 0, 0, 1, 1, 0, 0, 1], 10.349972043641523, 0.017229795455932617, 0]
[[0, 0, 1, 1, 0, 6, 4, 7, 0, 0, 1, 1, 0, 2, 2], 2.9415430487277723, 0.018772363662719727, 0]
[[0, 0, 1, 1, 0, 6, 4, 7, 0, 0, 1, 1, 0, 4, 3], 14.12756836646198, 0.09107303619384766, 0]
[[0, 0, 1, 1, 0, 6, 4, 7, 0, 0, 1, 1, 0, 6, 4], 1.3038877652064222, 0.042888641357421875, 0]
[[0, 0, 1, 1, 0, 6, 4, 7, 0, 2, 2, 3, 0, 0, 1], 5.940605865996499, 0.04303765296936035, 0]
[[0, 0, 1, 1, 0, 6, 4, 7, 0, 2, 2, 3, 0, 2, 2], 6.132738117499051, 0.04278302192687988, 0]
[[0, 0, 1, 1, 0, 6, 4, 7, 0, 2, 2, 3, 0, 4, 3], 28.235297636416078, 0.022756338119506836, 0]
[[0, 0, 1, 1, 0, 6, 4, 7, 0, 2, 2, 3, 0, 6, 4], 1.4105213170099242, 0.022686004638671875, 0]
[[0, 0, 1, 1, 0, 6, 4, 7, 0, 4, 3, 5, 0, 0, 1], 18.08862926806778, 0.023691415786743164, 0]
[[0, 0, 1, 1, 0, 6, 4, 7, 0, 4, 3, 5, 0, 2, 2], 1.3950332503752911, 0.0338134765625, 0]
[[0, 0, 1, 1, 0, 6, 4, 7, 0, 4, 3, 5, 0, 4, 3], 8.160961389936089, 0.02585124969482422, 0]
[[0, 0, 1, 1, 0, 6, 4, 7, 0, 4, 3, 5, 0, 6, 4], 2.421541544264166, 0.026108980178833008, 0]
[[0, 0, 1, 1, 0, 6, 4, 7, 0, 6, 4, 7, 0, 0, 1], 10.102295777003672, 0.021279335021972656, 0]
[[0, 0, 1, 1, 0, 6, 4, 7, 0, 6, 4, 7, 0, 2, 2], 3.154693552867783, 0.02460026741027832, 0]
[[0, 0, 1, 1, 0, 6, 4, 7, 0, 6, 4, 7, 0, 6, 4], 2.954614375444831, 0.04098343849182129, 0]
[[0, 2, 2, 3, 0, 0, 1, 1, 0, 0, 1, 1, 0, 0, 1], 8.511943501663355, 0.02046823501586914, 0]
[[0, 2, 2, 3, 0, 0, 1, 1, 0, 0, 1, 1, 0, 2, 2], 3.1923016561833664, 0.05359172821044922, 0]
[[0, 2, 2, 3, 0, 0, 1, 1, 0, 0, 1, 1, 0, 4, 3], 15.819574952905208, 0.08801102638244629, 0]
[[0, 2, 2, 3, 0, 0, 1, 1, 0, 0, 1, 1, 0, 6, 4], 1.0636670214630441, 0.1104283332824707, 0]
[[0, 2, 2, 3, 0, 0, 1, 1, 0, 2, 2, 3, 0, 0, 1], 3.4834599936677972, 0.044054508209228516, 0]
[[0, 2, 2, 3, 0, 0, 1, 1, 0, 2, 2, 3, 0, 2, 2], 6.020209759223721, 0.04095005989074707, 0]
[[0, 2, 2, 3, 0, 0, 1, 1, 0, 2, 2, 3, 0, 4, 3], 60.55196084934036, 0.019714832305908203, 0]
[[0, 2, 2, 3, 0, 0, 1, 1, 0, 2, 2, 3, 0, 6, 4], 3.553407514858242, 0.018329143524169922, 0]
[[0, 2, 2, 3, 0, 0, 1, 1, 0, 4, 3, 5, 0, 0, 1], 17.465247862518417, 0.024513721466064453, 0]
[[0, 2, 2, 3, 0, 0, 1, 1, 0, 4, 3, 5, 0, 2, 2], 2.032173024917963, 0.05787253379821777, 0]
[[0, 2, 2, 3, 0, 0, 1, 1, 0, 4, 3, 5, 0, 4, 3], 15.946162801601915, 0.026144981384277344, 0]
[[0, 2, 2, 3, 0, 0, 1, 1, 0, 4, 3, 5, 0, 6, 4], 1.2027385275650526, 0.0204160213470459, 0]
[[0, 2, 2, 3, 0, 0, 1, 1, 0, 6, 4, 7, 0, 0, 1], 5.261218138550709, 0.016627788543701172, 0]
[[0, 2, 2, 3, 0, 0, 1, 1, 0, 6, 4, 7, 0, 2, 2], 5.509402092335064, 0.019022464752197266, 0]
[[0, 2, 2, 3, 0, 0, 1, 1, 0, 6, 4, 7, 0, 4, 3], 17.131895331679278, 0.027265548706054688, 0]
[[0, 2, 2, 3, 0, 0, 1, 1, 0, 6, 4, 7, 0, 6, 4], 1.5238107023740222, 0.026255130767822266, 0]
[[0, 2, 2, 3, 0, 2, 2, 3, 0, 0, 1, 1, 0, 0, 1], 2.2438039664266665, 0.014121770858764648, 0]
[[0, 2, 2, 3, 0, 2, 2, 3, 0, 0, 1, 1, 0, 2, 2], 10.593760850445507, 0.016839265823364258, 0]
[[0, 2, 2, 3, 0, 2, 2, 3, 0, 0, 1, 1, 0, 4, 3], 58.606281529213064, 0.017754793167114258, 0]
[[0, 2, 2, 3, 0, 2, 2, 3, 0, 0, 1, 1, 0, 6, 4], 3.2736311942171303, 0.017804861068725586, 0]
[[0, 2, 2, 3, 0, 2, 2, 3, 0, 2, 2, 3, 0, 0, 1], 1.66931335130085, 0.03371930122375488, 0]
[[0, 2, 2, 3, 0, 2, 2, 3, 0, 2, 2, 3, 0, 2, 2], 17.64834830306799, 0.041580915451049805, 0]
[[0, 2, 2, 3, 0, 2, 2, 3, 0, 2, 2, 3, 0, 4, 3], 4.57035951605008, 0.05510854721069336, 0]
[[0, 2, 2, 3, 0, 2, 2, 3, 0, 2, 2, 3, 0, 6, 4], 1.6718770284817788, 0.031067371368408203, 0]
[[0, 2, 2, 3, 0, 2, 2, 3, 0, 4, 3, 5, 0, 0, 1], 4.1261571176276695, 0.04234814643859863, 0]
[[0, 2, 2, 3, 0, 2, 2, 3, 0, 4, 3, 5, 0, 2, 2], 5.1844472745408705, 0.021774768829345703, 0]
[[0, 2, 2, 3, 0, 2, 2, 3, 0, 4, 3, 5, 0, 4, 3], 23.68500433368013, 0.02504420280456543, 0]
[[0, 2, 2, 3, 0, 2, 2, 3, 0, 4, 3, 5, 0, 6, 4], 1.4216732696778211, 0.02437901496887207, 0]
[[0, 2, 2, 3, 0, 2, 2, 3, 0, 6, 4, 7, 0, 0, 1], 2.6471064812952503, 0.021189451217651367, 0]
[[0, 2, 2, 3, 0, 2, 2, 3, 0, 6, 4, 7, 0, 2, 2], 9.57755110228409, 0.06506729125976562, 0]
[[0, 2, 2, 3, 0, 2, 2, 3, 0, 6, 4, 7, 0, 4, 3], 47.45413904683761, 0.033214569091796875, 0]
[[0, 2, 2, 3, 0, 2, 2, 3, 0, 6, 4, 7, 0, 6, 4], 2.8389569231763745, 0.051052093505859375, 0]
[[0, 2, 2, 3, 0, 4, 3, 5, 0, 0, 1, 1, 0, 0, 1], 8.076172409503814, 0.01725602149963379, 0]
[[0, 2, 2, 3, 0, 4, 3, 5, 0, 0, 1, 1, 0, 2, 2], 3.022553272116534, 0.032282114028930664, 0]
[[0, 2, 2, 3, 0, 4, 3, 5, 0, 0, 1, 1, 0, 4, 3], 16.690248109144246, 0.020967960357666016, 0]
[[0, 2, 2, 3, 0, 4, 3, 5, 0, 0, 1, 1, 0, 6, 4], 1.2369410325666887, 0.09706568717956543, 0]
[[0, 2, 2, 3, 0, 4, 3, 5, 0, 2, 2, 3, 0, 0, 1], 5.817931610994432, 0.04802560806274414, 0]
[[0, 2, 2, 3, 0, 4, 3, 5, 0, 2, 2, 3, 0, 2, 2], 4.839869316910924, 0.02323627471923828, 0]
[[0, 2, 2, 3, 0, 4, 3, 5, 0, 2, 2, 3, 0, 4, 3], 29.961973819921518, 0.04013466835021973, 0]
[[0, 2, 2, 3, 0, 4, 3, 5, 0, 2, 2, 3, 0, 6, 4], 1.567234829956557, 0.05903816223144531, 0]
[[0, 2, 2, 3, 0, 4, 3, 5, 0, 4, 3, 5, 0, 0, 1], 18.786102673117878, 0.02548670768737793, 0]
[[0, 2, 2, 3, 0, 4, 3, 5, 0, 4, 3, 5, 0, 2, 2], 1.5700210988965706, 0.02624678611755371, 0]
[[0, 2, 2, 3, 0, 4, 3, 5, 0, 4, 3, 5, 0, 4, 3], 8.692203725680566, 0.02707958221435547, 0]
[[0, 2, 2, 3, 0, 4, 3, 5, 0, 4, 3, 5, 0, 6, 4], 2.219505486396315, 0.026950597763061523, 0]
[[0, 2, 2, 3, 0, 4, 3, 5, 0, 6, 4, 7, 0, 0, 1], 8.561658887782448, 0.025041580200195312, 0]
[[0, 2, 2, 3, 0, 4, 3, 5, 0, 6, 4, 7, 0, 2, 2], 3.4575411475117233, 0.03636479377746582, 0]
[[0, 2, 2, 3, 0, 4, 3, 5, 0, 6, 4, 7, 0, 4, 3], 14.715269278644165, 0.0263674259185791, 0]
[[0, 2, 2, 3, 0, 4, 3, 5, 0, 6, 4, 7, 0, 6, 4], 1.426335885859887, 0.02680826187133789, 0]
[[0, 2, 2, 3, 0, 6, 4, 7, 0, 0, 1, 1, 0, 0, 1], 5.114661221029211, 0.04702639579772949, 0]
[[0, 2, 2, 3, 0, 6, 4, 7, 0, 0, 1, 1, 0, 2, 2], 5.755752564968681, 0.049379587173461914, 0]
[[0, 2, 2, 3, 0, 6, 4, 7, 0, 0, 1, 1, 0, 4, 3], 32.511885024424004, 0.04305291175842285, 0]
[[0, 2, 2, 3, 0, 6, 4, 7, 0, 0, 1, 1, 0, 6, 4], 1.8223628186670544, 0.022350549697875977, 0]
[[0, 2, 2, 3, 0, 6, 4, 7, 0, 2, 2, 3, 0, 0, 1], 2.959698414639624, 0.04102635383605957, 0]
[[0, 2, 2, 3, 0, 6, 4, 7, 0, 2, 2, 3, 0, 2, 2], 7.335045957177694, 0.02430129051208496, 0]
[[0, 2, 2, 3, 0, 6, 4, 7, 0, 2, 2, 3, 0, 4, 3], 48.924324049400994, 0.02341771125793457, 0]
[[0, 2, 2, 3, 0, 6, 4, 7, 0, 2, 2, 3, 0, 6, 4], 2.782073156078288, 0.024633169174194336, 0]
[[0, 2, 2, 3, 0, 6, 4, 7, 0, 4, 3, 5, 0, 0, 1], 8.085636993418104, 0.043645620346069336, 0]
[[0, 2, 2, 3, 0, 6, 4, 7, 0, 4, 3, 5, 0, 2, 2], 2.0168462126203526, 0.06904077529907227, 0]
[[0, 2, 2, 3, 0, 6, 4, 7, 0, 4, 3, 5, 0, 4, 3], 12.568870059141902, 0.04916715621948242, 0]
[[0, 2, 2, 3, 0, 6, 4, 7, 0, 4, 3, 5, 0, 6, 4], 1.3012994852069186, 0.04491901397705078, 0]
[[0, 2, 2, 3, 0, 6, 4, 7, 0, 6, 4, 7, 0, 0, 1], 5.524645457977177, 0.030744552612304688, 0]
[[0, 2, 2, 3, 0, 6, 4, 7, 0, 6, 4, 7, 0, 2, 2], 5.82569418357239, 0.06076502799987793, 0]
[[0, 2, 2, 3, 0, 6, 4, 7, 0, 6, 4, 7, 0, 4, 3], 24.877308638957775, 0.04505133628845215, 0]
[[0, 2, 2, 3, 0, 6, 4, 7, 0, 6, 4, 7, 0, 6, 4], 1.2336065168165056, 0.04494071006774902, 0]
[[0, 4, 3, 5, 0, 0, 1, 1, 0, 0, 1, 1, 0, 0, 1], 33.86253411143713, 0.04204702377319336, 0]
[[0, 4, 3, 5, 0, 0, 1, 1, 0, 0, 1, 1, 0, 2, 2], 1.8170673977038108, 0.03993725776672363, 0]
[[0, 4, 3, 5, 0, 0, 1, 1, 0, 0, 1, 1, 0, 4, 3], 5.95633252258178, 0.05103492736816406, 0]
[[0, 4, 3, 5, 0, 0, 1, 1, 0, 0, 1, 1, 0, 6, 4], 1.5808164273342735, 0.10313963890075684, 0]
[[0, 4, 3, 5, 0, 0, 1, 1, 0, 2, 2, 3, 0, 0, 1], 8.475732619380508, 0.01732349395751953, 0]
[[0, 4, 3, 5, 0, 0, 1, 1, 0, 2, 2, 3, 0, 2, 2], 4.404438287181426, 0.022421598434448242, 0]
[[0, 4, 3, 5, 0, 0, 1, 1, 0, 2, 2, 3, 0, 4, 3], 15.918467085810686, 0.01984262466430664, 0]
[[0, 4, 3, 5, 0, 0, 1, 1, 0, 2, 2, 3, 0, 6, 4], 1.208442915062698, 0.042481422424316406, 0]
[[0, 4, 3, 5, 0, 0, 1, 1, 0, 4, 3, 5, 0, 0, 1], 24.142226197214963, 0.01980423927307129, 0]
[[0, 4, 3, 5, 0, 0, 1, 1, 0, 4, 3, 5, 0, 4, 3], 5.628542512841775, 0.022157669067382812, 0]
[[0, 4, 3, 5, 0, 0, 1, 1, 0, 4, 3, 5, 0, 6, 4], 3.045127322137392, 0.023283004760742188, 0]
[[0, 4, 3, 5, 0, 0, 1, 1, 0, 6, 4, 7, 0, 0, 1], 25.503130411728733, 0.06708693504333496, 0]
[[0, 4, 3, 5, 0, 0, 1, 1, 0, 6, 4, 7, 0, 2, 2], 1.1014987054632464, 0.09217143058776855, 0]
[[0, 4, 3, 5, 0, 0, 1, 1, 0, 6, 4, 7, 0, 4, 3], 5.941579668998521, 0.0640711784362793, 0]
[[0, 4, 3, 5, 0, 0, 1, 1, 0, 6, 4, 7, 0, 6, 4], 3.7263218149225477, 0.07016372680664062, 0]
[[0, 4, 3, 5, 0, 2, 2, 3, 0, 0, 1, 1, 0, 0, 1], 16.767769873432144, 0.06305718421936035, 0]
[[0, 4, 3, 5, 0, 2, 2, 3, 0, 0, 1, 1, 0, 2, 2], 1.556114463487103, 0.062093496322631836, 0]
[[0, 4, 3, 5, 0, 2, 2, 3, 0, 0, 1, 1, 0, 4, 3], 8.58201325864175, 0.06311154365539551, 0]
[[0, 4, 3, 5, 0, 2, 2, 3, 0, 0, 1, 1, 0, 6, 4], 1.7024864562364868, 0.04704618453979492, 0]
[[0, 4, 3, 5, 0, 2, 2, 3, 0, 2, 2, 3, 0, 0, 1], 11.077868934555573, 0.102081298828125, 0]
[[0, 4, 3, 5, 0, 2, 2, 3, 0, 2, 2, 3, 0, 2, 2], 2.1664106818920397, 0.10407590866088867, 0]
[[0, 4, 3, 5, 0, 2, 2, 3, 0, 2, 2, 3, 0, 4, 3], 12.815749553058032, 0.025580167770385742, 0]
[[0, 4, 3, 5, 0, 2, 2, 3, 0, 2, 2, 3, 0, 6, 4], 1.0571592671279975, 0.02566218376159668, 0]
[[0, 4, 3, 5, 0, 2, 2, 3, 0, 4, 3, 5, 0, 0, 1], 22.384253942393784, 0.02684640884399414, 0]
[[0, 4, 3, 5, 0, 2, 2, 3, 0, 4, 3, 5, 0, 2, 2], 1.051990966703105, 0.03347039222717285, 0]
[[0, 4, 3, 5, 0, 2, 2, 3, 0, 4, 3, 5, 0, 4, 3], 5.777348220969239, 0.036624908447265625, 0]
[[0, 4, 3, 5, 0, 2, 2, 3, 0, 4, 3, 5, 0, 6, 4], 2.37226551699289, 0.04375123977661133, 0]
[[0, 4, 3, 5, 0, 2, 2, 3, 0, 6, 4, 7, 0, 0, 1], 11.01536177140959, 0.0459139347076416, 0]
[[0, 4, 3, 5, 0, 2, 2, 3, 0, 6, 4, 7, 0, 2, 2], 2.6905269426066556, 0.027443885803222656, 0]
[[0, 4, 3, 5, 0, 2, 2, 3, 0, 6, 4, 7, 0, 4, 3], 14.335018382998097, 0.02635478973388672, 0]
[[0, 4, 3, 5, 0, 2, 2, 3, 0, 6, 4, 7, 0, 6, 4], 1.0352663788024714, 0.02581930160522461, 0]
[[0, 4, 3, 5, 0, 4, 3, 5, 0, 0, 1, 1, 0, 0, 1], 25.892470311279446, 0.020383596420288086, 0]
[[0, 4, 3, 5, 0, 4, 3, 5, 0, 0, 1, 1, 0, 2, 2], 1.0606979818499196, 0.021912336349487305, 0]
[[0, 4, 3, 5, 0, 4, 3, 5, 0, 0, 1, 1, 0, 4, 3], 5.535707483963746, 0.05506706237792969, 0]
[[0, 4, 3, 5, 0, 4, 3, 5, 0, 0, 1, 1, 0, 6, 4], 3.363548845976299, 0.023394346237182617, 0]
[[0, 4, 3, 5, 0, 4, 3, 5, 0, 2, 2, 3, 0, 0, 1], 15.358357560222556, 0.10206055641174316, 0]
[[0, 4, 3, 5, 0, 4, 3, 5, 0, 2, 2, 3, 0, 2, 2], 1.9795110578781536, 0.05582880973815918, 0]
[[0, 4, 3, 5, 0, 4, 3, 5, 0, 2, 2, 3, 0, 4, 3], 8.829972717407113, 0.08012843132019043, 0]
[[0, 4, 3, 5, 0, 4, 3, 5, 0, 2, 2, 3, 0, 6, 4], 2.243611343489354, 0.025372982025146484, 0]
[[0, 4, 3, 5, 0, 4, 3, 5, 0, 4, 3, 5, 0, 0, 1], 38.56787883914684, 0.06204080581665039, 0]
[[0, 4, 3, 5, 0, 4, 3, 5, 0, 4, 3, 5, 0, 2, 2], 1.4138050294936264, 0.04684138298034668, 0]
[[0, 4, 3, 5, 0, 4, 3, 5, 0, 4, 3, 5, 0, 4, 3], 3.138503415293663, 0.05425214767456055, 0]
[[0, 4, 3, 5, 0, 4, 3, 5, 0, 4, 3, 5, 0, 6, 4], 6.2739368837108005, 0.0296480655670166, 0]
[[0, 4, 3, 5, 0, 4, 3, 5, 0, 6, 4, 7, 0, 0, 1], 22.596073574557963, 0.03246259689331055, 0]
[[0, 4, 3, 5, 0, 4, 3, 5, 0, 6, 4, 7, 0, 2, 2], 1.2082462948640775, 0.03328061103820801, 0]
[[0, 4, 3, 5, 0, 4, 3, 5, 0, 6, 4, 7, 0, 4, 3], 5.15476185653188, 0.029128074645996094, 0]
[[0, 4, 3, 5, 0, 4, 3, 5, 0, 6, 4, 7, 0, 6, 4], 4.4038151817422815, 0.0321965217590332, 0]
[[0, 4, 3, 5, 0, 6, 4, 7, 0, 0, 1, 1, 0, 0, 1], 13.56933925370123, 0.0420527458190918, 0]
[[0, 4, 3, 5, 0, 6, 4, 7, 0, 0, 1, 1, 0, 2, 2], 2.006144496668021, 0.051079511642456055, 0]
[[0, 4, 3, 5, 0, 6, 4, 7, 0, 0, 1, 1, 0, 4, 3], 10.95150282315918, 0.0629734992980957, 0]
[[0, 4, 3, 5, 0, 6, 4, 7, 0, 0, 1, 1, 0, 6, 4], 1.6547780838835, 0.04274797439575195, 0]
[[0, 4, 3, 5, 0, 6, 4, 7, 0, 2, 2, 3, 0, 0, 1], 8.45838592939265, 0.021753311157226562, 0]
[[0, 4, 3, 5, 0, 6, 4, 7, 0, 2, 2, 3, 0, 2, 2], 3.393884104707905, 0.09706926345825195, 0]
[[0, 4, 3, 5, 0, 6, 4, 7, 0, 2, 2, 3, 0, 4, 3], 14.948372049187864, 0.025912046432495117, 0]
[[0, 4, 3, 5, 0, 6, 4, 7, 0, 2, 2, 3, 0, 6, 4], 1.1924418869540214, 0.025522232055664062, 0]
[[0, 4, 3, 5, 0, 6, 4, 7, 0, 4, 3, 5, 0, 0, 1], 26.75704990192643, 0.04656672477722168, 0]
[[0, 4, 3, 5, 0, 6, 4, 7, 0, 4, 3, 5, 0, 2, 2], 1.0850330975276365, 0.08013224601745605, 0]
[[0, 4, 3, 5, 0, 6, 4, 7, 0, 4, 3, 5, 0, 4, 3], 5.306145302025216, 0.04391789436340332, 0]
[[0, 4, 3, 5, 0, 6, 4, 7, 0, 4, 3, 5, 0, 6, 4], 4.042444812787834, 0.02969980239868164, 0]
[[0, 4, 3, 5, 0, 6, 4, 7, 0, 6, 4, 7, 0, 0, 1], 17.255002979778062, 0.026192665100097656, 0]
[[0, 4, 3, 5, 0, 6, 4, 7, 0, 6, 4, 7, 0, 2, 2], 1.7409792622080498, 0.02700519561767578, 0]
[[0, 4, 3, 5, 0, 6, 4, 7, 0, 6, 4, 7, 0, 4, 3], 7.398000326561463, 0.029076099395751953, 0]
[[0, 4, 3, 5, 0, 6, 4, 7, 0, 6, 4, 7, 0, 6, 4], 1.947503165034595, 0.04495382308959961, 0]
[[0, 6, 4, 7, 0, 0, 1, 1, 0, 2, 2, 3, 0, 0, 1], 5.455048689047027, 0.01660609245300293, 0]
[[0, 6, 4, 7, 0, 0, 1, 1, 0, 2, 2, 3, 0, 2, 2], 4.616282137414392, 0.04083132743835449, 0]
[[0, 6, 4, 7, 0, 0, 1, 1, 0, 2, 2, 3, 0, 4, 3], 16.793739413596956, 0.02911090850830078, 0]
[[0, 6, 4, 7, 0, 0, 1, 1, 0, 2, 2, 3, 0, 6, 4], 1.0693309657154852, 0.024754047393798828, 0]
[[0, 6, 4, 7, 0, 0, 1, 1, 0, 4, 3, 5, 0, 0, 1], 19.03911592808957, 0.038651227951049805, 0]
[[0, 6, 4, 7, 0, 0, 1, 1, 0, 4, 3, 5, 0, 2, 2], 1.0964108122327407, 0.030320167541503906, 0]
[[0, 6, 4, 7, 0, 0, 1, 1, 0, 4, 3, 5, 0, 4, 3], 7.6156543244626915, 0.023836851119995117, 0]
[[0, 6, 4, 7, 0, 0, 1, 1, 0, 4, 3, 5, 0, 6, 4], 2.564970391244268, 0.0457913875579834, 0]
[[0, 6, 4, 7, 0, 0, 1, 1, 0, 6, 4, 7, 0, 0, 1], 9.118141251750806, 0.01849842071533203, 0]
[[0, 6, 4, 7, 0, 0, 1, 1, 0, 6, 4, 7, 0, 2, 2], 2.850433839314433, 0.02159738540649414, 0]
[[0, 6, 4, 7, 0, 0, 1, 1, 0, 6, 4, 7, 0, 4, 3], 13.162059765068971, 0.022586345672607422, 0]
[[0, 6, 4, 7, 0, 0, 1, 1, 0, 6, 4, 7, 0, 6, 4], 1.5216349261326134, 0.026007890701293945, 0]
[[0, 6, 4, 7, 0, 2, 2, 3, 0, 0, 1, 1, 0, 0, 1], 5.5200330156251995, 0.019677162170410156, 0]
[[0, 6, 4, 7, 0, 2, 2, 3, 0, 0, 1, 1, 0, 2, 2], 4.641042068358476, 0.019696712493896484, 0]
[[0, 6, 4, 7, 0, 2, 2, 3, 0, 0, 1, 1, 0, 4, 3], 24.280089121036422, 0.02060103416442871, 0]
[[0, 6, 4, 7, 0, 2, 2, 3, 0, 0, 1, 1, 0, 6, 4], 1.3622906604057659, 0.032396554946899414, 0]
[[0, 6, 4, 7, 0, 2, 2, 3, 0, 2, 2, 3, 0, 0, 1], 3.107957965436069, 0.018455028533935547, 0]
[[0, 6, 4, 7, 0, 2, 2, 3, 0, 2, 2, 3, 0, 2, 2], 3.9682347486191367, 0.021846771240234375, 0]
[[0, 6, 4, 7, 0, 2, 2, 3, 0, 2, 2, 3, 0, 4, 3], 32.01085764139897, 0.025333881378173828, 0]
[[0, 6, 4, 7, 0, 2, 2, 3, 0, 2, 2, 3, 0, 6, 4], 2.391011204355264, 0.022838115692138672, 0]
[[0, 6, 4, 7, 0, 2, 2, 3, 0, 4, 3, 5, 0, 0, 1], 9.799314431803507, 0.03762316703796387, 0]
[[0, 6, 4, 7, 0, 2, 2, 3, 0, 4, 3, 5, 0, 2, 2], 2.9796809337240657, 0.025807619094848633, 0]
[[0, 6, 4, 7, 0, 2, 2, 3, 0, 4, 3, 5, 0, 4, 3], 11.190712823555636, 0.02790236473083496, 0]
[[0, 6, 4, 7, 0, 2, 2, 3, 0, 4, 3, 5, 0, 6, 4], 1.4576733451400208, 0.07371830940246582, 0]
[[0, 6, 4, 7, 0, 2, 2, 3, 0, 6, 4, 7, 0, 0, 1], 5.99072882566129, 0.0330355167388916, 0]
[[0, 6, 4, 7, 0, 2, 2, 3, 0, 6, 4, 7, 0, 2, 2], 5.991299812464175, 0.054750919342041016, 0]
[[0, 6, 4, 7, 0, 2, 2, 3, 0, 6, 4, 7, 0, 4, 3], 24.71205587300096, 0.0590670108795166, 0]
[[0, 6, 4, 7, 0, 2, 2, 3, 0, 6, 4, 7, 0, 6, 4], 1.1422117311541176, 0.03431510925292969, 0]
[[0, 6, 4, 7, 0, 4, 3, 5, 0, 0, 1, 1, 0, 0, 1], 21.51003877163332, 0.08013629913330078, 0]
[[0, 6, 4, 7, 0, 4, 3, 5, 0, 0, 1, 1, 0, 2, 2], 1.408231797826136, 0.06402707099914551, 0]
[[0, 6, 4, 7, 0, 4, 3, 5, 0, 0, 1, 1, 0, 4, 3], 7.7999179066493545, 0.02698516845703125, 0]
[[0, 6, 4, 7, 0, 4, 3, 5, 0, 0, 1, 1, 0, 6, 4], 2.477178755386531, 0.04698944091796875, 0]
[[0, 6, 4, 7, 0, 4, 3, 5, 0, 2, 2, 3, 0, 0, 1], 9.464174669097867, 0.042050838470458984, 0]
[[0, 6, 4, 7, 0, 4, 3, 5, 0, 2, 2, 3, 0, 2, 2], 1.446823844392593, 0.13716673851013184, 0]
[[0, 6, 4, 7, 0, 4, 3, 5, 0, 2, 2, 3, 0, 4, 3], 7.388668618872214, 0.03377890586853027, 0]
[[0, 6, 4, 7, 0, 4, 3, 5, 0, 2, 2, 3, 0, 6, 4], 2.1767453974150213, 0.0317072868347168, 0]
[[0, 6, 4, 7, 0, 4, 3, 5, 0, 4, 3, 5, 0, 0, 1], 40.838849077733364, 0.028653383255004883, 0]
[[0, 6, 4, 7, 0, 4, 3, 5, 0, 4, 3, 5, 0, 2, 2], 1.5401142017259248, 0.029396533966064453, 0]
[[0, 6, 4, 7, 0, 4, 3, 5, 0, 4, 3, 5, 0, 4, 3], 3.4200910572476504, 0.030690670013427734, 0]
[[0, 6, 4, 7, 0, 4, 3, 5, 0, 4, 3, 5, 0, 6, 4], 5.164658407837363, 0.0315706729888916, 0]
[[0, 6, 4, 7, 0, 4, 3, 5, 0, 6, 4, 7, 0, 0, 1], 19.175807320749843, 0.02470111846923828, 0]
[[0, 6, 4, 7, 0, 4, 3, 5, 0, 6, 4, 7, 0, 2, 2], 1.4061658103040018, 0.04706883430480957, 0]
[[0, 6, 4, 7, 0, 4, 3, 5, 0, 6, 4, 7, 0, 4, 3], 7.914762300149373, 0.049311161041259766, 0]
[[0, 6, 4, 7, 0, 4, 3, 5, 0, 6, 4, 7, 0, 6, 4], 3.0985853932868825, 0.028661251068115234, 0]
[[0, 6, 4, 7, 0, 6, 4, 7, 0, 0, 1, 1, 0, 0, 1], 10.106187238765406, 0.021399497985839844, 0]
[[0, 6, 4, 7, 0, 6, 4, 7, 0, 0, 1, 1, 0, 2, 2], 2.031537550853473, 0.0233614444732666, 0]
[[0, 6, 4, 7, 0, 6, 4, 7, 0, 0, 1, 1, 0, 4, 3], 11.227675509457654, 0.03403019905090332, 0]
[[0, 6, 4, 7, 0, 6, 4, 7, 0, 0, 1, 1, 0, 6, 4], 1.7124892891109145, 0.0236513614654541, 0]
[[0, 6, 4, 7, 0, 6, 4, 7, 0, 2, 2, 3, 0, 0, 1], 7.854002326829728, 0.023553848266601562, 0]
[[0, 6, 4, 7, 0, 6, 4, 7, 0, 2, 2, 3, 0, 2, 2], 5.102826169242282, 0.024320125579833984, 0]
[[0, 6, 4, 7, 0, 6, 4, 7, 0, 2, 2, 3, 0, 4, 3], 26.034596089451558, 0.025640487670898438, 0]
[[0, 6, 4, 7, 0, 6, 4, 7, 0, 2, 2, 3, 0, 6, 4], 1.248202379846035, 0.09791874885559082, 0]
[[0, 6, 4, 7, 0, 6, 4, 7, 0, 4, 3, 5, 0, 0, 1], 22.334754321523818, 0.02659916877746582, 0]
[[0, 6, 4, 7, 0, 6, 4, 7, 0, 4, 3, 5, 0, 2, 2], 1.269713249843774, 0.029859304428100586, 0]
[[0, 6, 4, 7, 0, 6, 4, 7, 0, 4, 3, 5, 0, 4, 3], 7.067175768893745, 0.02839493751525879, 0]
[[0, 6, 4, 7, 0, 6, 4, 7, 0, 4, 3, 5, 0, 6, 4], 2.8890790854733597, 0.028795957565307617, 0]
[[0, 6, 4, 7, 0, 6, 4, 7, 0, 6, 4, 7, 0, 0, 1], 12.761667544926866, 0.02558732032775879, 0]
[[0, 6, 4, 7, 0, 6, 4, 7, 0, 6, 4, 7, 0, 2, 2], 2.334033038765052, 0.027343034744262695, 0]
[[0, 6, 4, 7, 0, 6, 4, 7, 0, 6, 4, 7, 0, 4, 3], 12.370255478001082, 0.028264284133911133, 0]
[[0, 6, 4, 7, 0, 6, 4, 7, 0, 6, 4, 7, 0, 6, 4], 1.6847291324018092, 0.06422781944274902, 0]
[[1, 1, 0, 0, 1, 1, 0, 0, 1, 1, 0, 0, 1, 1, 0], 105.62413885352932, 0.027485132217407227, 0]
[[1, 1, 0, 0, 1, 1, 0, 0, 1, 1, 0, 2, 2, 3, 0], 8.106680856342741, 0.009931325912475586, 0]
[[1, 1, 0, 0, 1, 1, 0, 0, 1, 1, 0, 4, 3, 5, 0], 60.545450276935206, 0.04181051254272461, 0]
[[1, 1, 0, 0, 1, 1, 0, 0, 1, 1, 0, 6, 4, 7, 0], 23.369404633863002, 0.01245737075805664, 0]
[[1, 1, 0, 0, 1, 1, 0, 2, 2, 3, 0, 0, 1, 1, 0], 7.590510224368484, 0.009402990341186523, 0]
[[1, 1, 0, 0, 1, 1, 0, 2, 2, 3, 0, 2, 2, 3, 0], 6.766640626204998, 0.009657859802246094, 0]
[[1, 1, 0, 0, 1, 1, 0, 2, 2, 3, 0, 4, 3, 5, 0], 14.85132668984647, 0.011054515838623047, 0]
[[1, 1, 0, 0, 1, 1, 0, 2, 2, 3, 0, 6, 4, 7, 0], 11.473372288182368, 0.011348485946655273, 0]
[[1, 1, 0, 0, 1, 1, 0, 4, 3, 5, 0, 0, 1, 1, 0], 23.02858117180063, 0.01128697395324707, 0]
[[1, 1, 0, 0, 1, 1, 0, 4, 3, 5, 0, 2, 2, 3, 0], 15.976758574710157, 0.010955333709716797, 0]
[[1, 1, 0, 0, 1, 1, 0, 4, 3, 5, 0, 4, 3, 5, 0], 26.07182365896006, 0.012837648391723633, 0]
[[1, 1, 0, 0, 1, 1, 0, 4, 3, 5, 0, 6, 4, 7, 0], 26.164321681255405, 0.013068199157714844, 0]
[[1, 1, 0, 0, 1, 1, 0, 6, 4, 7, 0, 0, 1, 1, 0], 14.749461716304939, 0.010827779769897461, 0]
[[1, 1, 0, 0, 1, 1, 0, 6, 4, 7, 0, 2, 2, 3, 0], 9.794579978275161, 0.011048316955566406, 0]
[[1, 1, 0, 0, 1, 1, 0, 6, 4, 7, 0, 4, 3, 5, 0], 23.849776909662726, 0.013146162033081055, 0]
[[1, 1, 0, 0, 1, 1, 0, 6, 4, 7, 0, 6, 4, 7, 0], 23.532449832539747, 0.012384653091430664, 0]
[[1, 1, 0, 2, 2, 3, 0, 0, 1, 1, 0, 0, 1, 1, 0], 9.37852281113383, 0.009716510772705078, 0]
[[1, 1, 0, 2, 2, 3, 0, 0, 1, 1, 0, 2, 2, 3, 0], 4.137306554735275, 0.009685277938842773, 0]
[[1, 1, 0, 2, 2, 3, 0, 0, 1, 1, 0, 4, 3, 5, 0], 19.290102174214834, 0.011168479919433594, 0]
[[1, 1, 0, 2, 2, 3, 0, 0, 1, 1, 0, 6, 4, 7, 0], 10.136820427691678, 0.010973215103149414, 0]
[[1, 1, 0, 2, 2, 3, 0, 2, 2, 3, 0, 0, 1, 1, 0], 4.140822656704632, 0.011263132095336914, 0]
[[1, 1, 0, 2, 2, 3, 0, 2, 2, 3, 0, 2, 2, 3, 0], 1.7115144201852186, 0.00928640365600586, 0]
[[1, 1, 0, 2, 2, 3, 0, 2, 2, 3, 0, 4, 3, 5, 0], 8.158629039956764, 0.031560420989990234, 0]
[[1, 1, 0, 2, 2, 3, 0, 2, 2, 3, 0, 6, 4, 7, 0], 4.677640663954112, 0.01622152328491211, 0]
[[1, 1, 0, 2, 2, 3, 0, 4, 3, 5, 0, 0, 1, 1, 0], 17.673005213811393, 0.028968334197998047, 0]
[[1, 1, 0, 2, 2, 3, 0, 4, 3, 5, 0, 2, 2, 3, 0], 7.612047975349318, 0.029079198837280273, 0]
[[1, 1, 0, 2, 2, 3, 0, 4, 3, 5, 0, 4, 3, 5, 0], 19.750630874081708, 0.014416933059692383, 0]
[[1, 1, 0, 2, 2, 3, 0, 4, 3, 5, 0, 6, 4, 7, 0], 14.503991091750553, 0.012601852416992188, 0]
[[1, 1, 0, 2, 2, 3, 0, 6, 4, 7, 0, 0, 1, 1, 0], 11.620585941380082, 0.011397600173950195, 0]
[[1, 1, 0, 2, 2, 3, 0, 6, 4, 7, 0, 2, 2, 3, 0], 6.528551754383324, 0.01117086410522461, 0]
[[1, 1, 0, 2, 2, 3, 0, 6, 4, 7, 0, 4, 3, 5, 0], 16.536726730519163, 0.013942718505859375, 0]
[[1, 1, 0, 2, 2, 3, 0, 6, 4, 7, 0, 6, 4, 7, 0], 10.44154638892519, 0.03276324272155762, 0]
[[1, 1, 0, 4, 3, 5, 0, 0, 1, 1, 0, 0, 1, 1, 0], 26.193869462456053, 0.015035390853881836, 0]
[[1, 1, 0, 4, 3, 5, 0, 0, 1, 1, 0, 2, 2, 3, 0], 12.66235605088155, 0.011993169784545898, 0]
[[1, 1, 0, 4, 3, 5, 0, 0, 1, 1, 0, 4, 3, 5, 0], 66.00778765218607, 0.0480189323425293, 0]
[[1, 1, 0, 4, 3, 5, 0, 0, 1, 1, 0, 6, 4, 7, 0], 31.921863249436466, 0.05601787567138672, 0]
[[1, 1, 0, 4, 3, 5, 0, 2, 2, 3, 0, 0, 1, 1, 0], 26.863972009716555, 0.013785600662231445, 0]
[[1, 1, 0, 4, 3, 5, 0, 2, 2, 3, 0, 2, 2, 3, 0], 7.769565738575155, 0.011857748031616211, 0]
[[1, 1, 0, 4, 3, 5, 0, 2, 2, 3, 0, 4, 3, 5, 0], 44.56392219765897, 0.05802321434020996, 0]
[[1, 1, 0, 4, 3, 5, 0, 2, 2, 3, 0, 6, 4, 7, 0], 31.842674509677202, 0.03865981101989746, 0]
[[1, 1, 0, 4, 3, 5, 0, 4, 3, 5, 0, 0, 1, 1, 0], 53.726984842780084, 0.0390317440032959, 0]
[[1, 1, 0, 4, 3, 5, 0, 4, 3, 5, 0, 2, 2, 3, 0], 24.179524852429367, 0.03341174125671387, 0]
[[1, 1, 0, 4, 3, 5, 0, 4, 3, 5, 0, 4, 3, 5, 0], 63.3786843492868, 0.04198336601257324, 0]
[[1, 1, 0, 4, 3, 5, 0, 4, 3, 5, 0, 6, 4, 7, 0], 54.19277809002051, 0.016928672790527344, 0]
[[1, 1, 0, 4, 3, 5, 0, 6, 4, 7, 0, 0, 1, 1, 0], 32.731058567052465, 0.014452934265136719, 0]
[[1, 1, 0, 4, 3, 5, 0, 6, 4, 7, 0, 2, 2, 3, 0], 14.81524576067538, 0.014032125473022461, 0]
[[1, 1, 0, 4, 3, 5, 0, 6, 4, 7, 0, 4, 3, 5, 0], 53.27353813617171, 0.015644073486328125, 0]
[[1, 1, 0, 4, 3, 5, 0, 6, 4, 7, 0, 6, 4, 7, 0], 35.17750818507844, 0.016046762466430664, 0]
[[1, 1, 0, 6, 4, 7, 0, 0, 1, 1, 0, 0, 1, 1, 0], 14.787684517618102, 0.016358375549316406, 0]
[[1, 1, 0, 6, 4, 7, 0, 0, 1, 1, 0, 2, 2, 3, 0], 9.128462811066713, 0.042029380798339844, 0]
[[1, 1, 0, 6, 4, 7, 0, 0, 1, 1, 0, 4, 3, 5, 0], 36.29388564151838, 0.015438079833984375, 0]
[[1, 1, 0, 6, 4, 7, 0, 0, 1, 1, 0, 6, 4, 7, 0], 13.901391272942034, 0.012416839599609375, 0]
[[1, 1, 0, 6, 4, 7, 0, 2, 2, 3, 0, 0, 1, 1, 0], 13.609642317988326, 0.07296967506408691, 0]
[[1, 1, 0, 6, 4, 7, 0, 2, 2, 3, 0, 2, 2, 3, 0], 9.270967929222072, 0.0940241813659668, 0]
[[1, 1, 0, 6, 4, 7, 0, 2, 2, 3, 0, 4, 3, 5, 0], 17.811645800252546, 0.026662588119506836, 0]
[[1, 1, 0, 6, 4, 7, 0, 2, 2, 3, 0, 6, 4, 7, 0], 18.16617201075059, 0.07493758201599121, 0]
[[1, 1, 0, 6, 4, 7, 0, 4, 3, 5, 0, 0, 1, 1, 0], 33.021556625170206, 0.05060577392578125, 0]
[[1, 1, 0, 6, 4, 7, 0, 4, 3, 5, 0, 2, 2, 3, 0], 12.196601607377607, 0.07501029968261719, 0]
[[1, 1, 0, 6, 4, 7, 0, 4, 3, 5, 0, 4, 3, 5, 0], 52.5913825588001, 0.04296517372131348, 0]
[[1, 1, 0, 6, 4, 7, 0, 4, 3, 5, 0, 6, 4, 7, 0], 40.380211632412006, 0.017929792404174805, 0]
[[1, 1, 0, 6, 4, 7, 0, 6, 4, 7, 0, 0, 1, 1, 0], 18.74623581279708, 0.014491796493530273, 0]
[[1, 1, 0, 6, 4, 7, 0, 6, 4, 7, 0, 2, 2, 3, 0], 9.847666809859998, 0.03901934623718262, 0]
[[1, 1, 0, 6, 4, 7, 0, 6, 4, 7, 0, 4, 3, 5, 0], 27.25899227730978, 0.040480613708496094, 0]
[[1, 1, 0, 6, 4, 7, 0, 6, 4, 7, 0, 6, 4, 7, 0], 17.88260099427689, 0.05701303482055664, 0]
[[2, 3, 0, 0, 1, 1, 0, 0, 1, 1, 0, 0, 1, 1, 0], 1.9397070390290256, 0.048055171966552734, 0]
[[2, 3, 0, 0, 1, 1, 0, 0, 1, 1, 0, 2, 2, 3, 0], 4.840281893591813, 0.0390622615814209, 0]
[[2, 3, 0, 0, 1, 1, 0, 0, 1, 1, 0, 4, 3, 5, 0], 1.3414784011256418, 0.015286445617675781, 0]
[[2, 3, 0, 0, 1, 1, 0, 0, 1, 1, 0, 6, 4, 7, 0], 2.2554898870879194, 0.014832258224487305, 0]
[[2, 3, 0, 0, 1, 1, 0, 2, 2, 3, 0, 0, 1, 1, 0], 4.587711257316121, 0.013028144836425781, 0]
[[2, 3, 0, 0, 1, 1, 0, 2, 2, 3, 0, 2, 2, 3, 0], 9.215708905960355, 0.015442132949829102, 0]
[[2, 3, 0, 0, 1, 1, 0, 2, 2, 3, 0, 4, 3, 5, 0], 1.7829532159232027, 0.01791977882385254, 0]
[[2, 3, 0, 0, 1, 1, 0, 2, 2, 3, 0, 6, 4, 7, 0], 4.34313463782778, 0.02300572395324707, 0]
[[2, 3, 0, 0, 1, 1, 0, 4, 3, 5, 0, 0, 1, 1, 0], 1.3034663030134872, 0.014870405197143555, 0]
[[2, 3, 0, 0, 1, 1, 0, 4, 3, 5, 0, 2, 2, 3, 0], 2.330389956965581, 0.03051471710205078, 0]
[[2, 3, 0, 0, 1, 1, 0, 4, 3, 5, 0, 4, 3, 5, 0], 1.4039363239395892, 0.019599437713623047, 0]
[[2, 3, 0, 0, 1, 1, 0, 4, 3, 5, 0, 6, 4, 7, 0], 1.0983080525756153, 0.020282268524169922, 0]
[[2, 3, 0, 0, 1, 1, 0, 6, 4, 7, 0, 0, 1, 1, 0], 2.235121366899524, 0.03204751014709473, 0]
[[2, 3, 0, 0, 1, 1, 0, 6, 4, 7, 0, 2, 2, 3, 0], 4.670131092767597, 0.01634502410888672, 0]
[[2, 3, 0, 0, 1, 1, 0, 6, 4, 7, 0, 4, 3, 5, 0], 1.1339939247037836, 0.01961684226989746, 0]
[[2, 3, 0, 0, 1, 1, 0, 6, 4, 7, 0, 6, 4, 7, 0], 3.1041426253563174, 0.02172112464904785, 0]
[[2, 3, 0, 2, 2, 3, 0, 0, 1, 1, 0, 0, 1, 1, 0], 4.2162774326891626, 0.012336254119873047, 0]
[[2, 3, 0, 2, 2, 3, 0, 0, 1, 1, 0, 2, 2, 3, 0], 7.90863391346448, 0.0363011360168457, 0]
[[2, 3, 0, 2, 2, 3, 0, 0, 1, 1, 0, 4, 3, 5, 0], 2.014614413283869, 0.015756607055664062, 0]
[[2, 3, 0, 2, 2, 3, 0, 0, 1, 1, 0, 6, 4, 7, 0], 4.08665308356403, 0.015051603317260742, 0]
[[2, 3, 0, 2, 2, 3, 0, 2, 2, 3, 0, 0, 1, 1, 0], 5.616718824970052, 0.039031982421875, 0]
[[2, 3, 0, 2, 2, 3, 0, 2, 2, 3, 0, 2, 2, 3, 0], 30.331628612981852, 0.014802694320678711, 0]
[[2, 3, 0, 2, 2, 3, 0, 2, 2, 3, 0, 4, 3, 5, 0], 1.7772741783501056, 0.01855158805847168, 0]
[[2, 3, 0, 2, 2, 3, 0, 2, 2, 3, 0, 6, 4, 7, 0], 3.0883777273395863, 0.05491065979003906, 0]
[[2, 3, 0, 2, 2, 3, 0, 4, 3, 5, 0, 0, 1, 1, 0], 1.8470184268294694, 0.014825582504272461, 0]
[[2, 3, 0, 2, 2, 3, 0, 4, 3, 5, 0, 2, 2, 3, 0], 3.2927844792454803, 0.01812911033630371, 0]
[[2, 3, 0, 2, 2, 3, 0, 4, 3, 5, 0, 4, 3, 5, 0], 1.2498386488325668, 0.019994020462036133, 0]
[[2, 3, 0, 2, 2, 3, 0, 4, 3, 5, 0, 6, 4, 7, 0], 2.6430088348407876, 0.01969003677368164, 0]
[[2, 3, 0, 2, 2, 3, 0, 6, 4, 7, 0, 0, 1, 1, 0], 2.350860339232256, 0.017530441284179688, 0]
[[2, 3, 0, 2, 2, 3, 0, 6, 4, 7, 0, 2, 2, 3, 0], 5.968062385308332, 0.019603967666625977, 0]
[[2, 3, 0, 2, 2, 3, 0, 6, 4, 7, 0, 4, 3, 5, 0], 1.7069926599067338, 0.021489620208740234, 0]
[[2, 3, 0, 2, 2, 3, 0, 6, 4, 7, 0, 6, 4, 7, 0], 3.0111023370309207, 0.06203341484069824, 0]
[[2, 3, 0, 4, 3, 5, 0, 0, 1, 1, 0, 0, 1, 1, 0], 1.0366289487344562, 0.029981136322021484, 0]
[[2, 3, 0, 4, 3, 5, 0, 0, 1, 1, 0, 2, 2, 3, 0], 1.9632965959688105, 0.016318559646606445, 0]
[[2, 3, 0, 4, 3, 5, 0, 0, 1, 1, 0, 4, 3, 5, 0], 1.431635268173408, 0.017724990844726562, 0]
[[2, 3, 0, 4, 3, 5, 0, 0, 1, 1, 0, 6, 4, 7, 0], 1.172594088253533, 0.01813507080078125, 0]
[[2, 3, 0, 4, 3, 5, 0, 2, 2, 3, 0, 0, 1, 1, 0], 2.4280415559571513, 0.02874469757080078, 0]
[[2, 3, 0, 4, 3, 5, 0, 2, 2, 3, 0, 2, 2, 3, 0], 3.7696327434449146, 0.019129037857055664, 0]
[[2, 3, 0, 4, 3, 5, 0, 2, 2, 3, 0, 4, 3, 5, 0], 1.128655585531988, 0.0385587215423584, 0]
[[2, 3, 0, 4, 3, 5, 0, 2, 2, 3, 0, 6, 4, 7, 0], 1.6971721326272435, 0.029793977737426758, 0]
[[2, 3, 0, 4, 3, 5, 0, 4, 3, 5, 0, 0, 1, 1, 0], 1.181193440833194, 0.017565011978149414, 0]
[[2, 3, 0, 4, 3, 5, 0, 4, 3, 5, 0, 2, 2, 3, 0], 1.5094666340304126, 0.01862502098083496, 0]
[[2, 3, 0, 4, 3, 5, 0, 4, 3, 5, 0, 4, 3, 5, 0], 2.3848924738600488, 0.023273468017578125, 0]
[[2, 3, 0, 4, 3, 5, 0, 4, 3, 5, 0, 6, 4, 7, 0], 1.2813537469911738, 0.0207672119140625, 0]
[[2, 3, 0, 4, 3, 5, 0, 6, 4, 7, 0, 0, 1, 1, 0], 1.2027547205373055, 0.027770519256591797, 0]
[[2, 3, 0, 4, 3, 5, 0, 6, 4, 7, 0, 2, 2, 3, 0], 2.0367700321474587, 0.02085566520690918, 0]
[[2, 3, 0, 4, 3, 5, 0, 6, 4, 7, 0, 4, 3, 5, 0], 1.3653050121034243, 0.040958404541015625, 0]
[[2, 3, 0, 4, 3, 5, 0, 6, 4, 7, 0, 6, 4, 7, 0], 1.02151569679612, 0.022143840789794922, 0]
[[2, 3, 0, 6, 4, 7, 0, 0, 1, 1, 0, 0, 1, 1, 0], 2.112013725052512, 0.012924909591674805, 0]
[[2, 3, 0, 6, 4, 7, 0, 0, 1, 1, 0, 2, 2, 3, 0], 3.918475721032511, 0.01765131950378418, 0]
[[2, 3, 0, 6, 4, 7, 0, 0, 1, 1, 0, 4, 3, 5, 0], 1.2288517141091018, 0.017928123474121094, 0]
[[2, 3, 0, 6, 4, 7, 0, 0, 1, 1, 0, 6, 4, 7, 0], 1.6498126635026846, 0.018297433853149414, 0]
[[2, 3, 0, 6, 4, 7, 0, 2, 2, 3, 0, 0, 1, 1, 0], 3.147131517320792, 0.016765356063842773, 0]
[[2, 3, 0, 6, 4, 7, 0, 2, 2, 3, 0, 2, 2, 3, 0], 6.897188366665268, 0.017963409423828125, 0]
[[2, 3, 0, 6, 4, 7, 0, 2, 2, 3, 0, 4, 3, 5, 0], 1.9155611566427913, 0.020958423614501953, 0]
[[2, 3, 0, 6, 4, 7, 0, 2, 2, 3, 0, 6, 4, 7, 0], 4.17954675563143, 0.024316787719726562, 0]
[[2, 3, 0, 6, 4, 7, 0, 4, 3, 5, 0, 0, 1, 1, 0], 1.3296599387172952, 0.04003334045410156, 0]
[[2, 3, 0, 6, 4, 7, 0, 4, 3, 5, 0, 2, 2, 3, 0], 2.5134211883771713, 0.018686294555664062, 0]
[[2, 3, 0, 6, 4, 7, 0, 4, 3, 5, 0, 4, 3, 5, 0], 1.454855868342745, 0.04299044609069824, 0]
[[2, 3, 0, 6, 4, 7, 0, 4, 3, 5, 0, 6, 4, 7, 0], 1.0636565541692473, 0.04101109504699707, 0]
[[2, 3, 0, 6, 4, 7, 0, 6, 4, 7, 0, 0, 1, 1, 0], 1.697713939124879, 0.019047260284423828, 0]
[[2, 3, 0, 6, 4, 7, 0, 6, 4, 7, 0, 2, 2, 3, 0], 3.624681191687989, 0.01861858367919922, 0]
[[2, 3, 0, 6, 4, 7, 0, 6, 4, 7, 0, 4, 3, 5, 0], 1.2872935736904487, 0.020735502243041992, 0]
[[2, 3, 0, 6, 4, 7, 0, 6, 4, 7, 0, 6, 4, 7, 0], 2.252685049217454, 0.04705166816711426, 0]
[[3, 5, 0, 0, 1, 1, 0, 0, 1, 1, 0, 0, 1, 1, 0], 2.97018567800161, 0.012237548828125, 0]
[[3, 5, 0, 0, 1, 1, 0, 0, 1, 1, 0, 2, 2, 3, 0], 24.91182499113978, 0.012520551681518555, 0]
[[3, 5, 0, 0, 1, 1, 0, 0, 1, 1, 0, 4, 3, 5, 0], 3.692203162554893, 0.014735937118530273, 0]
[[3, 5, 0, 0, 1, 1, 0, 0, 1, 1, 0, 6, 4, 7, 0], 12.706394045017404, 0.014079570770263672, 0]
[[3, 5, 0, 0, 1, 1, 0, 2, 2, 3, 0, 0, 1, 1, 0], 21.581304373795934, 0.013924837112426758, 0]
[[3, 5, 0, 0, 1, 1, 0, 2, 2, 3, 0, 2, 2, 3, 0], 49.420150970832374, 0.012558221817016602, 0]
[[3, 5, 0, 0, 1, 1, 0, 2, 2, 3, 0, 4, 3, 5, 0], 15.318276998494339, 0.015811443328857422, 0]
[[3, 5, 0, 0, 1, 1, 0, 2, 2, 3, 0, 6, 4, 7, 0], 24.07411059138444, 0.015026092529296875, 0]
[[3, 5, 0, 0, 1, 1, 0, 4, 3, 5, 0, 2, 2, 3, 0], 16.571294330707335, 0.015057086944580078, 0]
[[3, 5, 0, 0, 1, 1, 0, 4, 3, 5, 0, 4, 3, 5, 0], 5.511341987001207, 0.04697251319885254, 0]
[[3, 5, 0, 0, 1, 1, 0, 4, 3, 5, 0, 6, 4, 7, 0], 8.77004932814571, 0.016317367553710938, 0]
[[3, 5, 0, 0, 1, 1, 0, 6, 4, 7, 0, 0, 1, 1, 0], 16.10497458115363, 0.012761592864990234, 0]
[[3, 5, 0, 0, 1, 1, 0, 6, 4, 7, 0, 2, 2, 3, 0], 14.966461732712979, 0.15097475051879883, 0]
[[3, 5, 0, 0, 1, 1, 0, 6, 4, 7, 0, 4, 3, 5, 0], 6.275593271090555, 0.021900415420532227, 0]
[[3, 5, 0, 0, 1, 1, 0, 6, 4, 7, 0, 6, 4, 7, 0], 10.524577798084257, 0.042034149169921875, 0]
[[3, 5, 0, 2, 2, 3, 0, 0, 1, 1, 0, 0, 1, 1, 0], 15.509532761373702, 0.015432357788085938, 0]
[[3, 5, 0, 2, 2, 3, 0, 0, 1, 1, 0, 2, 2, 3, 0], 30.00451403179827, 0.016036033630371094, 0]
[[3, 5, 0, 2, 2, 3, 0, 0, 1, 1, 0, 4, 3, 5, 0], 13.04724486592014, 0.017318248748779297, 0]
[[3, 5, 0, 2, 2, 3, 0, 0, 1, 1, 0, 6, 4, 7, 0], 23.556611350482846, 0.029948949813842773, 0]
[[3, 5, 0, 2, 2, 3, 0, 2, 2, 3, 0, 0, 1, 1, 0], 32.99119712280064, 0.013403177261352539, 0]
[[3, 5, 0, 2, 2, 3, 0, 2, 2, 3, 0, 2, 2, 3, 0], 7.023525467648079, 0.014119625091552734, 0]
[[3, 5, 0, 2, 2, 3, 0, 2, 2, 3, 0, 4, 3, 5, 0], 17.73271415286708, 0.016591548919677734, 0]
[[3, 5, 0, 2, 2, 3, 0, 2, 2, 3, 0, 6, 4, 7, 0], 32.583168130400296, 0.015383481979370117, 0]
[[3, 5, 0, 2, 2, 3, 0, 4, 3, 5, 0, 0, 1, 1, 0], 17.24825361003363, 0.015470504760742188, 0]
[[3, 5, 0, 2, 2, 3, 0, 4, 3, 5, 0, 2, 2, 3, 0], 26.202832763206096, 0.015144824981689453, 0]
[[3, 5, 0, 2, 2, 3, 0, 4, 3, 5, 0, 4, 3, 5, 0], 8.42205706909858, 0.09405231475830078, 0]
[[3, 5, 0, 2, 2, 3, 0, 4, 3, 5, 0, 6, 4, 7, 0], 16.331556839492016, 0.05702018737792969, 0]
[[3, 5, 0, 2, 2, 3, 0, 6, 4, 7, 0, 0, 1, 1, 0], 26.46569857529049, 0.013899564743041992, 0]
[[3, 5, 0, 2, 2, 3, 0, 6, 4, 7, 0, 2, 2, 3, 0], 60.379959825181444, 0.0390467643737793, 0]
[[3, 5, 0, 2, 2, 3, 0, 6, 4, 7, 0, 4, 3, 5, 0], 15.808975445979382, 0.01746845245361328, 0]
[[3, 5, 0, 2, 2, 3, 0, 6, 4, 7, 0, 6, 4, 7, 0], 28.68923970771571, 0.03804469108581543, 0]
[[3, 5, 0, 4, 3, 5, 0, 0, 1, 1, 0, 0, 1, 1, 0], 9.118310049217962, 0.014783143997192383, 0]
[[3, 5, 0, 4, 3, 5, 0, 0, 1, 1, 0, 2, 2, 3, 0], 16.932585389962405, 0.015038728713989258, 0]
[[3, 5, 0, 4, 3, 5, 0, 0, 1, 1, 0, 4, 3, 5, 0], 6.0958775996987224, 0.01752328872680664, 0]
[[3, 5, 0, 4, 3, 5, 0, 0, 1, 1, 0, 6, 4, 7, 0], 9.337304616391725, 0.01615309715270996, 0]
[[3, 5, 0, 4, 3, 5, 0, 2, 2, 3, 0, 0, 1, 1, 0], 14.725990015919908, 0.015637874603271484, 0]
[[3, 5, 0, 4, 3, 5, 0, 2, 2, 3, 0, 2, 2, 3, 0], 25.31881013880198, 0.016097068786621094, 0]
[[3, 5, 0, 4, 3, 5, 0, 2, 2, 3, 0, 4, 3, 5, 0], 10.660288860447885, 0.027556419372558594, 0]
[[3, 5, 0, 4, 3, 5, 0, 2, 2, 3, 0, 6, 4, 7, 0], 16.308529742425687, 0.017061471939086914, 0]
[[3, 5, 0, 4, 3, 5, 0, 4, 3, 5, 0, 0, 1, 1, 0], 6.1646503496824705, 0.01942729949951172, 0]
[[3, 5, 0, 4, 3, 5, 0, 4, 3, 5, 0, 2, 2, 3, 0], 9.725856495248005, 0.05507612228393555, 0]
[[3, 5, 0, 4, 3, 5, 0, 4, 3, 5, 0, 4, 3, 5, 0], 3.5755390440653536, 0.01998448371887207, 0]
[[3, 5, 0, 4, 3, 5, 0, 4, 3, 5, 0, 6, 4, 7, 0], 6.031901876937006, 0.019182920455932617, 0]
[[3, 5, 0, 4, 3, 5, 0, 6, 4, 7, 0, 0, 1, 1, 0], 10.127166286395761, 0.016482114791870117, 0]
[[3, 5, 0, 4, 3, 5, 0, 6, 4, 7, 0, 2, 2, 3, 0], 18.157241185663576, 0.01849508285522461, 0]
[[3, 5, 0, 4, 3, 5, 0, 6, 4, 7, 0, 4, 3, 5, 0], 5.612818661512876, 0.020795822143554688, 0]
[[3, 5, 0, 4, 3, 5, 0, 6, 4, 7, 0, 6, 4, 7, 0], 11.334490034030955, 0.019722461700439453, 0]
[[3, 5, 0, 6, 4, 7, 0, 0, 1, 1, 0, 0, 1, 1, 0], 14.021227272609265, 0.014728069305419922, 0]
[[3, 5, 0, 6, 4, 7, 0, 0, 1, 1, 0, 2, 2, 3, 0], 33.67860744894678, 0.014471769332885742, 0]
[[3, 5, 0, 6, 4, 7, 0, 0, 1, 1, 0, 4, 3, 5, 0], 8.346650000058778, 0.017235994338989258, 0]
[[3, 5, 0, 6, 4, 7, 0, 0, 1, 1, 0, 6, 4, 7, 0], 12.653181345087384, 0.016878128051757812, 0]
[[3, 5, 0, 6, 4, 7, 0, 2, 2, 3, 0, 0, 1, 1, 0], 24.47437476391334, 0.014927864074707031, 0]
[[3, 5, 0, 6, 4, 7, 0, 2, 2, 3, 0, 2, 2, 3, 0], 53.86386093108536, 0.017431974411010742, 0]
[[3, 5, 0, 6, 4, 7, 0, 2, 2, 3, 0, 4, 3, 5, 0], 17.485006226835083, 0.01797652244567871, 0]
[[3, 5, 0, 6, 4, 7, 0, 2, 2, 3, 0, 6, 4, 7, 0], 26.22338180453401, 0.017166852951049805, 0]
[[3, 5, 0, 6, 4, 7, 0, 4, 3, 5, 0, 0, 1, 1, 0], 9.226027222445975, 0.019533872604370117, 0]
[[3, 5, 0, 6, 4, 7, 0, 4, 3, 5, 0, 2, 2, 3, 0], 10.051995224932112, 0.02024364471435547, 0]
[[3, 5, 0, 6, 4, 7, 0, 4, 3, 5, 0, 4, 3, 5, 0], 4.055970218914328, 0.020562171936035156, 0]
[[3, 5, 0, 6, 4, 7, 0, 4, 3, 5, 0, 6, 4, 7, 0], 7.199460470215954, 0.020497560501098633, 0]
[[3, 5, 0, 6, 4, 7, 0, 6, 4, 7, 0, 0, 1, 1, 0], 12.477551854219007, 0.07541537284851074, 0]
[[3, 5, 0, 6, 4, 7, 0, 6, 4, 7, 0, 2, 2, 3, 0], 18.010807830326293, 0.02962207794189453, 0]
[[3, 5, 0, 6, 4, 7, 0, 6, 4, 7, 0, 4, 3, 5, 0], 6.0863187313523195, 0.02327108383178711, 0]
[[3, 5, 0, 6, 4, 7, 0, 6, 4, 7, 0, 6, 4, 7, 0], 9.622636893289526, 0.02128767967224121, 0]
[[4, 7, 0, 0, 1, 1, 0, 0, 1, 1, 0, 0, 1, 1, 0], 1.008107496410743, 0.012382268905639648, 0]
[[4, 7, 0, 0, 1, 1, 0, 0, 1, 1, 0, 2, 2, 3, 0], 1.5815449251801956, 0.012173652648925781, 0]
[[4, 7, 0, 0, 1, 1, 0, 0, 1, 1, 0, 4, 3, 5, 0], 2.1800021911298977, 0.023113012313842773, 0]
[[4, 7, 0, 0, 1, 1, 0, 0, 1, 1, 0, 6, 4, 7, 0], 1.2204794572698596, 0.017835378646850586, 0]
[[4, 7, 0, 0, 1, 1, 0, 2, 2, 3, 0, 0, 1, 1, 0], 1.3397635914929649, 0.012570381164550781, 0]
[[4, 7, 0, 0, 1, 1, 0, 2, 2, 3, 0, 2, 2, 3, 0], 2.4983527914942973, 0.013484954833984375, 0]
[[4, 7, 0, 0, 1, 1, 0, 2, 2, 3, 0, 4, 3, 5, 0], 1.477485862198672, 0.0540461540222168, 0]
[[4, 7, 0, 0, 1, 1, 0, 2, 2, 3, 0, 6, 4, 7, 0], 1.5282311605800263, 0.046339988708496094, 0]
[[4, 7, 0, 0, 1, 1, 0, 4, 3, 5, 0, 0, 1, 1, 0], 2.4464169149647184, 0.01575160026550293, 0]
[[4, 7, 0, 0, 1, 1, 0, 4, 3, 5, 0, 2, 2, 3, 0], 1.3336177875884823, 0.01558542251586914, 0]
[[4, 7, 0, 0, 1, 1, 0, 4, 3, 5, 0, 4, 3, 5, 0], 3.4335358747429057, 0.016407251358032227, 0]
[[4, 7, 0, 0, 1, 1, 0, 4, 3, 5, 0, 6, 4, 7, 0], 2.1632945699084463, 0.015827178955078125, 0]
[[4, 7, 0, 0, 1, 1, 0, 6, 4, 7, 0, 0, 1, 1, 0], 1.2537769146804156, 0.01566457748413086, 0]
[[4, 7, 0, 0, 1, 1, 0, 6, 4, 7, 0, 2, 2, 3, 0], 1.1905675856051867, 0.015090703964233398, 0]
[[4, 7, 0, 0, 1, 1, 0, 6, 4, 7, 0, 4, 3, 5, 0], 2.1556652670728673, 0.0960536003112793, 0]
[[4, 7, 0, 0, 1, 1, 0, 6, 4, 7, 0, 6, 4, 7, 0], 1.5079760007292935, 0.042017221450805664, 0]
[[4, 7, 0, 2, 2, 3, 0, 0, 1, 1, 0, 0, 1, 1, 0], 1.207464811516569, 0.037353515625, 0]
[[4, 7, 0, 2, 2, 3, 0, 0, 1, 1, 0, 2, 2, 3, 0], 2.332727096793863, 0.013414144515991211, 0]
[[4, 7, 0, 2, 2, 3, 0, 0, 1, 1, 0, 4, 3, 5, 0], 1.281424447849576, 0.014982223510742188, 0]
[[4, 7, 0, 2, 2, 3, 0, 0, 1, 1, 0, 6, 4, 7, 0], 1.1794519361718319, 0.01642894744873047, 0]
[[4, 7, 0, 2, 2, 3, 0, 2, 2, 3, 0, 0, 1, 1, 0], 2.729002532722386, 0.012930870056152344, 0]
[[4, 7, 0, 2, 2, 3, 0, 2, 2, 3, 0, 2, 2, 3, 0], 2.3887550926150416, 0.014250993728637695, 0]
[[4, 7, 0, 2, 2, 3, 0, 2, 2, 3, 0, 4, 3, 5, 0], 1.1454397823104325, 0.016251564025878906, 0]
[[4, 7, 0, 2, 2, 3, 0, 2, 2, 3, 0, 6, 4, 7, 0], 3.2890565962937655, 0.016213655471801758, 0]
[[4, 7, 0, 2, 2, 3, 0, 4, 3, 5, 0, 0, 1, 1, 0], 1.310472212018767, 0.015525102615356445, 0]
[[4, 7, 0, 2, 2, 3, 0, 4, 3, 5, 0, 2, 2, 3, 0], 1.40213591923685, 0.01574873924255371, 0]
[[4, 7, 0, 2, 2, 3, 0, 4, 3, 5, 0, 4, 3, 5, 0], 2.1509213378278, 0.01675271987915039, 0]
[[4, 7, 0, 2, 2, 3, 0, 4, 3, 5, 0, 6, 4, 7, 0], 3.8091362002275964, 0.049042463302612305, 0]
[[4, 7, 0, 2, 2, 3, 0, 6, 4, 7, 0, 0, 1, 1, 0], 1.3549922374349983, 0.06098532676696777, 0]
[[4, 7, 0, 2, 2, 3, 0, 6, 4, 7, 0, 2, 2, 3, 0], 1.1415077950492707, 0.06003761291503906, 0]
[[4, 7, 0, 2, 2, 3, 0, 6, 4, 7, 0, 4, 3, 5, 0], 1.45756556571169, 0.03442811965942383, 0]
[[4, 7, 0, 2, 2, 3, 0, 6, 4, 7, 0, 6, 4, 7, 0], 1.5037332616513621, 0.018753528594970703, 0]
[[4, 7, 0, 4, 3, 5, 0, 0, 1, 1, 0, 0, 1, 1, 0], 2.2822713261314136, 0.014188051223754883, 0]
[[4, 7, 0, 4, 3, 5, 0, 0, 1, 1, 0, 2, 2, 3, 0], 1.1545431487844797, 0.01841449737548828, 0]
[[4, 7, 0, 4, 3, 5, 0, 0, 1, 1, 0, 4, 3, 5, 0], 3.44927778373383, 0.018276214599609375, 0]
[[4, 7, 0, 4, 3, 5, 0, 0, 1, 1, 0, 6, 4, 7, 0], 2.126073874785249, 0.03970694541931152, 0]
[[4, 7, 0, 4, 3, 5, 0, 2, 2, 3, 0, 0, 1, 1, 0], 1.0176930383943863, 0.013952255249023438, 0]
[[4, 7, 0, 4, 3, 5, 0, 2, 2, 3, 0, 2, 2, 3, 0], 2.0169929838111162, 0.01506948471069336, 0]
[[4, 7, 0, 4, 3, 5, 0, 2, 2, 3, 0, 4, 3, 5, 0], 3.44186252149315, 0.025234222412109375, 0]
[[4, 7, 0, 4, 3, 5, 0, 2, 2, 3, 0, 6, 4, 7, 0], 1.5645835122957823, 0.025438547134399414, 0]
[[4, 7, 0, 4, 3, 5, 0, 4, 3, 5, 0, 0, 1, 1, 0], 3.452216595705796, 0.03751349449157715, 0]
[[4, 7, 0, 4, 3, 5, 0, 4, 3, 5, 0, 2, 2, 3, 0], 2.365699901896647, 0.019893407821655273, 0]
[[4, 7, 0, 4, 3, 5, 0, 4, 3, 5, 0, 4, 3, 5, 0], 9.527516178212869, 0.1510617733001709, 0]
[[4, 7, 0, 4, 3, 5, 0, 4, 3, 5, 0, 6, 4, 7, 0], 7.499278039866969, 0.05504035949707031, 0]
[[4, 7, 0, 4, 3, 5, 0, 6, 4, 7, 0, 0, 1, 1, 0], 3.0158830987819103, 0.04504036903381348, 0]
[[4, 7, 0, 4, 3, 5, 0, 6, 4, 7, 0, 2, 2, 3, 0], 2.9883639809035567, 0.12903666496276855, 0]
[[4, 7, 0, 4, 3, 5, 0, 6, 4, 7, 0, 4, 3, 5, 0], 5.6993984372605215, 0.06705260276794434, 0]
[[4, 7, 0, 4, 3, 5, 0, 6, 4, 7, 0, 6, 4, 7, 0], 3.9153930040779557, 0.08607316017150879, 0]
[[4, 7, 0, 6, 4, 7, 0, 0, 1, 1, 0, 0, 1, 1, 0], 2.1515060717563923, 0.09005165100097656, 0]
[[4, 7, 0, 6, 4, 7, 0, 0, 1, 1, 0, 2, 2, 3, 0], 1.30564669103046, 0.02362656593322754, 0]
[[4, 7, 0, 6, 4, 7, 0, 0, 1, 1, 0, 4, 3, 5, 0], 3.2956957732419876, 0.06100821495056152, 0]
[[4, 7, 0, 6, 4, 7, 0, 0, 1, 1, 0, 6, 4, 7, 0], 2.080133007807549, 0.08799576759338379, 0]
[[4, 7, 0, 6, 4, 7, 0, 2, 2, 3, 0, 0, 1, 1, 0], 1.2211768185214167, 0.02332472801208496, 0]
[[4, 7, 0, 6, 4, 7, 0, 2, 2, 3, 0, 2, 2, 3, 0], 1.459303871463794, 0.09306120872497559, 0]
[[4, 7, 0, 6, 4, 7, 0, 2, 2, 3, 0, 4, 3, 5, 0], 2.2936973819689612, 0.09703445434570312, 0]
[[4, 7, 0, 6, 4, 7, 0, 2, 2, 3, 0, 6, 4, 7, 0], 1.7672851271491776, 0.06004738807678223, 0]
[[4, 7, 0, 6, 4, 7, 0, 4, 3, 5, 0, 0, 1, 1, 0], 3.6642289414712015, 0.028708457946777344, 0]
[[4, 7, 0, 6, 4, 7, 0, 4, 3, 5, 0, 2, 2, 3, 0], 3.3951751900991383, 0.024528026580810547, 0]
[[4, 7, 0, 6, 4, 7, 0, 4, 3, 5, 0, 4, 3, 5, 0], 6.559152074184428, 0.04199838638305664, 0]
[[4, 7, 0, 6, 4, 7, 0, 4, 3, 5, 0, 6, 4, 7, 0], 4.87947255611759, 0.04900789260864258, 0]
[[4, 7, 0, 6, 4, 7, 0, 6, 4, 7, 0, 0, 1, 1, 0], 3.2585907790162723, 0.048000335693359375, 0]
[[4, 7, 0, 6, 4, 7, 0, 6, 4, 7, 0, 2, 2, 3, 0], 1.5027547553108493, 0.055977582931518555, 0]
[[4, 7, 0, 6, 4, 7, 0, 6, 4, 7, 0, 4, 3, 5, 0], 2.864106070111347, 0.042047977447509766, 0]
[[4, 7, 0, 6, 4, 7, 0, 6, 4, 7, 0, 6, 4, 7, 0], 4.655160313981055, 0.04301023483276367, 0]
