[[0, 0, 1, 1, 0, 0, 1, 1, 0, 0, 1, 1, 0, 0, 1], 1.1014799692523078, 0.07691764831542969, 0]
[[0, 0, 1, 1, 0, 0, 1, 1, 0, 0, 1, 1, 0, 2, 2], 1.9185749972976156, 0.07694840431213379, 0]
[[0, 0, 1, 1, 0, 0, 1, 1, 0, 0, 1, 1, 0, 4, 3], 1.4568169361179149, 0.08235931396484375, 0]
[[0, 0, 1, 1, 0, 0, 1, 1, 0, 0, 1, 1, 0, 6, 4], 1.113624472507659, 0.08096957206726074, 0]
[[0, 0, 1, 1, 0, 0, 1, 1, 0, 2, 2, 3, 0, 0, 1], 1.7337746299790464, 0.10002899169921875, 0]
[[0, 0, 1, 1, 0, 0, 1, 1, 0, 2, 2, 3, 0, 2, 2], 2.1863357242847887, 0.09681200981140137, 0]
[[0, 0, 1, 1, 0, 0, 1, 1, 0, 2, 2, 3, 0, 4, 3], 2.413798593684083, 0.10727405548095703, 0]
[[0, 0, 1, 1, 0, 0, 1, 1, 0, 2, 2, 3, 0, 6, 4], 2.3336531591585046, 0.08065271377563477, 0]
[[0, 0, 1, 1, 0, 0, 1, 1, 0, 4, 3, 5, 0, 0, 1], 1.367573866768326, 0.08944272994995117, 0]
[[0, 0, 1, 1, 0, 0, 1, 1, 0, 4, 3, 5, 0, 2, 2], 1.910420685147284, 0.09041213989257812, 0]
[[0, 0, 1, 1, 0, 0, 1, 1, 0, 4, 3, 5, 0, 4, 3], 2.1997442801230918, 0.09850144386291504, 0]
[[0, 0, 1, 1, 0, 0, 1, 1, 0, 4, 3, 5, 0, 6, 4], 1.0975830188844806, 0.11212539672851562, 0]
[[0, 0, 1, 1, 0, 0, 1, 1, 0, 6, 4, 7, 0, 0, 1], 1.7019894599259071, 0.08993816375732422, 0]
[[0, 0, 1, 1, 0, 0, 1, 1, 0, 6, 4, 7, 0, 2, 2], 2.4941800613900855, 0.1190950870513916, 0]
[[0, 0, 1, 1, 0, 0, 1, 1, 0, 6, 4, 7, 0, 4, 3], 1.0181462793473266, 0.0896153450012207, 0]
[[0, 0, 1, 1, 0, 0, 1, 1, 0, 6, 4, 7, 0, 6, 4], 1.13970858175642, 0.08903121948242188, 0]
[[0, 0, 1, 1, 0, 2, 2, 3, 0, 0, 1, 1, 0, 0, 1], 2.471628714217433, 0.08220696449279785, 0]
[[0, 0, 1, 1, 0, 2, 2, 3, 0, 0, 1, 1, 0, 2, 2], 2.358683433038671, 0.14583444595336914, 0]
[[0, 0, 1, 1, 0, 2, 2, 3, 0, 0, 1, 1, 0, 4, 3], 2.5336001860457826, 0.09006142616271973, 0]
[[0, 0, 1, 1, 0, 2, 2, 3, 0, 0, 1, 1, 0, 6, 4], 2.46205712985611, 0.401047945022583, 0]
[[0, 0, 1, 1, 0, 2, 2, 3, 0, 2, 2, 3, 0, 0, 1], 1.4359565046227625, 0.11592888832092285, 0]
[[0, 0, 1, 1, 0, 2, 2, 3, 0, 2, 2, 3, 0, 2, 2], 1.3502470695102011, 0.09859490394592285, 0]
[[0, 0, 1, 1, 0, 2, 2, 3, 0, 2, 2, 3, 0, 4, 3], 1.5868988862302427, 0.08745002746582031, 0]
[[0, 0, 1, 1, 0, 2, 2, 3, 0, 2, 2, 3, 0, 6, 4], 1.4425653524053397, 0.08301234245300293, 0]
[[0, 0, 1, 1, 0, 2, 2, 3, 0, 4, 3, 5, 0, 0, 1], 1.7438931114505092, 0.12674856185913086, 0]
[[0, 0, 1, 1, 0, 2, 2, 3, 0, 4, 3, 5, 0, 2, 2], 1.7439804108547063, 0.09286260604858398, 0]
[[0, 0, 1, 1, 0, 2, 2, 3, 0, 4, 3, 5, 0, 4, 3], 1.970068007043644, 0.10748767852783203, 0]
[[0, 0, 1, 1, 0, 2, 2, 3, 0, 4, 3, 5, 0, 6, 4], 1.9200713601312003, 0.09180235862731934, 0]
[[0, 0, 1, 1, 0, 2, 2, 3, 0, 6, 4, 7, 0, 0, 1], 1.1775952933534763, 0.2952396869659424, 0]
[[0, 0, 1, 1, 0, 2, 2, 3, 0, 6, 4, 7, 0, 2, 2], 1.6253745022563815, 0.13437795639038086, 0]
[[0, 0, 1, 1, 0, 2, 2, 3, 0, 6, 4, 7, 0, 4, 3], 1.2641657647931397, 0.09310054779052734, 0]
[[0, 0, 1, 1, 0, 2, 2, 3, 0, 6, 4, 7, 0, 6, 4], 1.0152623806763932, 0.12517833709716797, 0]
[[0, 0, 1, 1, 0, 4, 3, 5, 0, 0, 1, 1, 0, 0, 1], 3.76203430046343, 0.11395859718322754, 0]
[[0, 0, 1, 1, 0, 4, 3, 5, 0, 0, 1, 1, 0, 2, 2], 1.1440448454827714, 0.10939359664916992, 0]
[[0, 0, 1, 1, 0, 4, 3, 5, 0, 0, 1, 1, 0, 4, 3], 1.8957651107878641, 0.12782931327819824, 0]
[[0, 0, 1, 1, 0, 4, 3, 5, 0, 0, 1, 1, 0, 6, 4], 1.8109906710645574, 0.10464048385620117, 0]
[[0, 0, 1, 1, 0, 4, 3, 5, 0, 2, 2, 3, 0, 0, 1], 1.600570241610936, 0.09001398086547852, 0]
[[0, 0, 1, 1, 0, 4, 3, 5, 0, 2, 2, 3, 0, 2, 2], 1.2367090761772428, 0.0926046371459961, 0]
[[0, 0, 1, 1, 0, 4, 3, 5, 0, 2, 2, 3, 0, 4, 3], 3.2507697272440605, 0.125715970993042, 0]
[[0, 0, 1, 1, 0, 4, 3, 5, 0, 2, 2, 3, 0, 6, 4], 2.445582683146373, 0.14147329330444336, 0]
[[0, 0, 1, 1, 0, 4, 3, 5, 0, 4, 3, 5, 0, 0, 1], 1.1972361493849835, 0.11449766159057617, 0]
[[0, 0, 1, 1, 0, 4, 3, 5, 0, 4, 3, 5, 0, 2, 2], 1.4376771246456437, 0.13192009925842285, 0]
[[0, 0, 1, 1, 0, 4, 3, 5, 0, 4, 3, 5, 0, 4, 3], 1.1581355527622803, 0.12348818778991699, 0]
[[0, 0, 1, 1, 0, 4, 3, 5, 0, 4, 3, 5, 0, 6, 4], 1.9316727160039644, 0.11592435836791992, 0]
[[0, 0, 1, 1, 0, 4, 3, 5, 0, 6, 4, 7, 0, 0, 1], 1.8232680776654688, 0.10041475296020508, 0]
[[0, 0, 1, 1, 0, 4, 3, 5, 0, 6, 4, 7, 0, 2, 2], 1.0033285597921082, 0.09981608390808105, 0]
[[0, 0, 1, 1, 0, 4, 3, 5, 0, 6, 4, 7, 0, 4, 3], 2.2501821109280384, 0.10115194320678711, 0]
[[0, 0, 1, 1, 0, 4, 3, 5, 0, 6, 4, 7, 0, 6, 4], 3.1260188306194783, 0.10117840766906738, 0]
[[0, 0, 1, 1, 0, 6, 4, 7, 0, 0, 1, 1, 0, 0, 1], 1.0056448400689437, 0.08603310585021973, 0]
[[0, 0, 1, 1, 0, 6, 4, 7, 0, 0, 1, 1, 0, 2, 2], 1.2419709532347205, 0.09359073638916016, 0]
[[0, 0, 1, 1, 0, 6, 4, 7, 0, 0, 1, 1, 0, 4, 3], 1.1754744984027623, 0.09562849998474121, 0]
[[0, 0, 1, 1, 0, 6, 4, 7, 0, 0, 1, 1, 0, 6, 4], 1.1176553777963592, 0.10271096229553223, 0]
[[0, 0, 1, 1, 0, 6, 4, 7, 0, 2, 2, 3, 0, 0, 1], 1.9636659234352065, 0.08826112747192383, 0]
[[0, 0, 1, 1, 0, 6, 4, 7, 0, 2, 2, 3, 0, 2, 2], 1.0114376894653128, 0.08868122100830078, 0]
[[0, 0, 1, 1, 0, 6, 4, 7, 0, 2, 2, 3, 0, 4, 3], 1.2228411643636548, 0.10315847396850586, 0]
[[0, 0, 1, 1, 0, 6, 4, 7, 0, 2, 2, 3, 0, 6, 4], 2.303079277749626, 0.08866691589355469, 0]
[[0, 0, 1, 1, 0, 6, 4, 7, 0, 4, 3, 5, 0, 0, 1], 2.5293925394031116, 0.09582924842834473, 0]
[[0, 0, 1, 1, 0, 6, 4, 7, 0, 4, 3, 5, 0, 2, 2], 1.537463573535999, 0.1106867790222168, 0]
[[0, 0, 1, 1, 0, 6, 4, 7, 0, 4, 3, 5, 0, 4, 3], 3.1854063630830334, 0.10275888442993164, 0]
[[0, 0, 1, 1, 0, 6, 4, 7, 0, 4, 3, 5, 0, 6, 4], 1.1827449303645483, 0.09791016578674316, 0]
[[0, 0, 1, 1, 0, 6, 4, 7, 0, 6, 4, 7, 0, 0, 1], 4.189285491274794, 0.09364724159240723, 0]
[[0, 0, 1, 1, 0, 6, 4, 7, 0, 6, 4, 7, 0, 2, 2], 2.651305617937253, 0.09535670280456543, 0]
[[0, 0, 1, 1, 0, 6, 4, 7, 0, 6, 4, 7, 0, 6, 4], 2.083469434788314, 0.1019291877746582, 0]
[[0, 2, 2, 3, 0, 0, 1, 1, 0, 0, 1, 1, 0, 0, 1], 1.141716507263736, 0.08489322662353516, 0]
[[0, 2, 2, 3, 0, 0, 1, 1, 0, 0, 1, 1, 0, 2, 2], 1.5669465343315396, 0.09742093086242676, 0]
[[0, 2, 2, 3, 0, 0, 1, 1, 0, 0, 1, 1, 0, 4, 3], 1.6614693396452318, 0.14932632446289062, 0]
[[0, 2, 2, 3, 0, 0, 1, 1, 0, 0, 1, 1, 0, 6, 4], 2.2803937346041576, 0.10860896110534668, 0]
[[0, 2, 2, 3, 0, 0, 1, 1, 0, 2, 2, 3, 0, 0, 1], 1.066592819838676, 0.0979013442993164, 0]
[[0, 2, 2, 3, 0, 0, 1, 1, 0, 2, 2, 3, 0, 2, 2], 1.428019485487059, 0.0814058780670166, 0]
[[0, 2, 2, 3, 0, 0, 1, 1, 0, 2, 2, 3, 0, 4, 3], 1.9237613910919698, 0.08604192733764648, 0]
[[0, 2, 2, 3, 0, 0, 1, 1, 0, 2, 2, 3, 0, 6, 4], 2.31292806564859, 0.08252406120300293, 0]
[[0, 2, 2, 3, 0, 0, 1, 1, 0, 4, 3, 5, 0, 0, 1], 2.433361196445051, 0.09379720687866211, 0]
[[0, 2, 2, 3, 0, 0, 1, 1, 0, 4, 3, 5, 0, 2, 2], 1.6423648144001348, 0.10815191268920898, 0]
[[0, 2, 2, 3, 0, 0, 1, 1, 0, 4, 3, 5, 0, 4, 3], 1.435934204847753, 0.0956261157989502, 0]
[[0, 2, 2, 3, 0, 0, 1, 1, 0, 4, 3, 5, 0, 6, 4], 1.0186535334756974, 0.09152388572692871, 0]
[[0, 2, 2, 3, 0, 0, 1, 1, 0, 6, 4, 7, 0, 0, 1], 1.9461210432873923, 0.0849757194519043, 0]
[[0, 2, 2, 3, 0, 0, 1, 1, 0, 6, 4, 7, 0, 2, 2], 1.4859490941359423, 0.08534884452819824, 0]
[[0, 2, 2, 3, 0, 0, 1, 1, 0, 6, 4, 7, 0, 4, 3], 1.785035066664278, 0.09221744537353516, 0]
[[0, 2, 2, 3, 0, 0, 1, 1, 0, 6, 4, 7, 0, 6, 4], 1.3132079621422423, 0.08658027648925781, 0]
[[0, 2, 2, 3, 0, 2, 2, 3, 0, 0, 1, 1, 0, 0, 1], 1.2997875034147723, 0.0807962417602539, 0]
[[0, 2, 2, 3, 0, 2, 2, 3, 0, 0, 1, 1, 0, 2, 2], 2.3250014567074824, 0.08020973205566406, 0]
[[0, 2, 2, 3, 0, 2, 2, 3, 0, 0, 1, 1, 0, 4, 3], 1.3060571019737908, 0.08495140075683594, 0]
[[0, 2, 2, 3, 0, 2, 2, 3, 0, 0, 1, 1, 0, 6, 4], 1.2394006097937489, 0.0838005542755127, 0]
[[0, 2, 2, 3, 0, 2, 2, 3, 0, 2, 2, 3, 0, 0, 1], 1.752415469125213, 0.08581852912902832, 0]
[[0, 2, 2, 3, 0, 2, 2, 3, 0, 2, 2, 3, 0, 2, 2], 1.0158236445670452, 0.10537362098693848, 0]
[[0, 2, 2, 3, 0, 2, 2, 3, 0, 2, 2, 3, 0, 4, 3], 1.17542600475736, 0.08813786506652832, 0]
[[0, 2, 2, 3, 0, 2, 2, 3, 0, 2, 2, 3, 0, 6, 4], 1.746966151330126, 0.10634231567382812, 0]
[[0, 2, 2, 3, 0, 2, 2, 3, 0, 4, 3, 5, 0, 0, 1], 1.035193935784718, 0.0910031795501709, 0]
[[0, 2, 2, 3, 0, 2, 2, 3, 0, 4, 3, 5, 0, 2, 2], 2.103994119023851, 0.09123897552490234, 0]
[[0, 2, 2, 3, 0, 2, 2, 3, 0, 4, 3, 5, 0, 4, 3], 1.4764893085306399, 0.09515690803527832, 0]
[[0, 2, 2, 3, 0, 2, 2, 3, 0, 4, 3, 5, 0, 6, 4], 1.2331951665293066, 0.09285545349121094, 0]
[[0, 2, 2, 3, 0, 2, 2, 3, 0, 6, 4, 7, 0, 0, 1], 3.738075264309911, 0.08983492851257324, 0]
[[0, 2, 2, 3, 0, 2, 2, 3, 0, 6, 4, 7, 0, 2, 2], 1.0991089551016444, 0.09052205085754395, 0]
[[0, 2, 2, 3, 0, 2, 2, 3, 0, 6, 4, 7, 0, 4, 3], 1.4018071702319568, 0.09251904487609863, 0]
[[0, 2, 2, 3, 0, 2, 2, 3, 0, 6, 4, 7, 0, 6, 4], 2.3202120073027763, 0.10514211654663086, 0]
[[0, 2, 2, 3, 0, 4, 3, 5, 0, 0, 1, 1, 0, 0, 1], 1.8450257579213323, 0.08753132820129395, 0]
[[0, 2, 2, 3, 0, 4, 3, 5, 0, 0, 1, 1, 0, 2, 2], 1.9835649462945661, 0.09022402763366699, 0]
[[0, 2, 2, 3, 0, 4, 3, 5, 0, 0, 1, 1, 0, 4, 3], 1.1133311094097018, 0.12255430221557617, 0]
[[0, 2, 2, 3, 0, 4, 3, 5, 0, 0, 1, 1, 0, 6, 4], 2.520047576063192, 0.12796783447265625, 0]
[[0, 2, 2, 3, 0, 4, 3, 5, 0, 2, 2, 3, 0, 0, 1], 2.9481507164478793, 0.11040830612182617, 0]
[[0, 2, 2, 3, 0, 4, 3, 5, 0, 2, 2, 3, 0, 2, 2], 5.810662530527853, 0.09257102012634277, 0]
[[0, 2, 2, 3, 0, 4, 3, 5, 0, 2, 2, 3, 0, 4, 3], 2.0840988226320962, 0.09493327140808105, 0]
[[0, 2, 2, 3, 0, 4, 3, 5, 0, 2, 2, 3, 0, 6, 4], 1.2165848923289704, 0.12407374382019043, 0]
[[0, 2, 2, 3, 0, 4, 3, 5, 0, 4, 3, 5, 0, 0, 1], 1.7026620824800247, 0.11352944374084473, 0]
[[0, 2, 2, 3, 0, 4, 3, 5, 0, 4, 3, 5, 0, 2, 2], 1.3533326163318462, 0.10385704040527344, 0]
[[0, 2, 2, 3, 0, 4, 3, 5, 0, 4, 3, 5, 0, 4, 3], 1.4680086130748304, 0.10613679885864258, 0]
[[0, 2, 2, 3, 0, 4, 3, 5, 0, 4, 3, 5, 0, 6, 4], 1.1190014888646815, 0.10273909568786621, 0]
[[0, 2, 2, 3, 0, 4, 3, 5, 0, 6, 4, 7, 0, 0, 1], 1.5624286939083991, 0.1232459545135498, 0]
[[0, 2, 2, 3, 0, 4, 3, 5, 0, 6, 4, 7, 0, 2, 2], 1.659687578219368, 0.12241315841674805, 0]
[[0, 2, 2, 3, 0, 4, 3, 5, 0, 6, 4, 7, 0, 4, 3], 1.913542379158404, 0.10301351547241211, 0]
[[0, 2, 2, 3, 0, 4, 3, 5, 0, 6, 4, 7, 0, 6, 4], 1.213560727160907, 0.0976247787475586, 0]
[[0, 2, 2, 3, 0, 6, 4, 7, 0, 0, 1, 1, 0, 0, 1], 2.7777124468767225, 0.0870816707611084, 0]
[[0, 2, 2, 3, 0, 6, 4, 7, 0, 0, 1, 1, 0, 2, 2], 1.2622875811050547, 0.10383367538452148, 0]
[[0, 2, 2, 3, 0, 6, 4, 7, 0, 0, 1, 1, 0, 4, 3], 1.919244869266039, 0.11635780334472656, 0]
[[0, 2, 2, 3, 0, 6, 4, 7, 0, 0, 1, 1, 0, 6, 4], 1.0208817939231234, 0.10548067092895508, 0]
[[0, 2, 2, 3, 0, 6, 4, 7, 0, 2, 2, 3, 0, 0, 1], 1.4978243174452333, 0.09070873260498047, 0]
[[0, 2, 2, 3, 0, 6, 4, 7, 0, 2, 2, 3, 0, 2, 2], 1.2687443264575722, 0.10398626327514648, 0]
[[0, 2, 2, 3, 0, 6, 4, 7, 0, 2, 2, 3, 0, 4, 3], 1.126664702172017, 0.09604907035827637, 0]
[[0, 2, 2, 3, 0, 6, 4, 7, 0, 2, 2, 3, 0, 6, 4], 2.012882103870989, 0.09197592735290527, 0]
[[0, 2, 2, 3, 0, 6, 4, 7, 0, 4, 3, 5, 0, 0, 1], 2.752760465624254, 0.11923980712890625, 0]
[[0, 2, 2, 3, 0, 6, 4, 7, 0, 4, 3, 5, 0, 2, 2], 1.7075002168114606, 0.13669276237487793, 0]
[[0, 2, 2, 3, 0, 6, 4, 7, 0, 4, 3, 5, 0, 4, 3], 1.4430276285907788, 0.11690378189086914, 0]
[[0, 2, 2, 3, 0, 6, 4, 7, 0, 4, 3, 5, 0, 6, 4], 3.248534858408752, 0.11876559257507324, 0]
[[0, 2, 2, 3, 0, 6, 4, 7, 0, 6, 4, 7, 0, 0, 1], 2.5441149499155458, 0.11161684989929199, 0]
[[0, 2, 2, 3, 0, 6, 4, 7, 0, 6, 4, 7, 0, 2, 2], 1.3222202831176117, 0.11383271217346191, 0]
[[0, 2, 2, 3, 0, 6, 4, 7, 0, 6, 4, 7, 0, 4, 3], 1.2185887947870369, 0.11386656761169434, 0]
[[0, 2, 2, 3, 0, 6, 4, 7, 0, 6, 4, 7, 0, 6, 4], 1.6943987307603248, 0.11588835716247559, 0]
[[0, 4, 3, 5, 0, 0, 1, 1, 0, 0, 1, 1, 0, 0, 1], 2.1207640102530476, 0.10518860816955566, 0]
[[0, 4, 3, 5, 0, 0, 1, 1, 0, 0, 1, 1, 0, 2, 2], 1.1423027711501936, 0.10329627990722656, 0]
[[0, 4, 3, 5, 0, 0, 1, 1, 0, 0, 1, 1, 0, 4, 3], 1.5093358500909475, 0.10731935501098633, 0]
[[0, 4, 3, 5, 0, 0, 1, 1, 0, 0, 1, 1, 0, 6, 4], 1.5262850681905205, 0.11493134498596191, 0]
[[0, 4, 3, 5, 0, 0, 1, 1, 0, 2, 2, 3, 0, 0, 1], 1.6326591838358258, 0.1043698787689209, 0]
[[0, 4, 3, 5, 0, 0, 1, 1, 0, 2, 2, 3, 0, 2, 2], 1.3046513117935898, 0.09274435043334961, 0]
[[0, 4, 3, 5, 0, 0, 1, 1, 0, 2, 2, 3, 0, 4, 3], 1.2546988375879355, 0.09228014945983887, 0]
[[0, 4, 3, 5, 0, 0, 1, 1, 0, 2, 2, 3, 0, 6, 4], 1.8021491045611253, 0.1175084114074707, 0]
[[0, 4, 3, 5, 0, 0, 1, 1, 0, 4, 3, 5, 0, 0, 1], 1.081800403953522, 0.09857916831970215, 0]
[[0, 4, 3, 5, 0, 0, 1, 1, 0, 4, 3, 5, 0, 4, 3], 1.208137211522314, 0.12325930595397949, 0]
[[0, 4, 3, 5, 0, 0, 1, 1, 0, 4, 3, 5, 0, 6, 4], 1.5074118298086645, 0.1010277271270752, 0]
[[0, 4, 3, 5, 0, 0, 1, 1, 0, 6, 4, 7, 0, 0, 1], 1.0128847934764742, 0.13230371475219727, 0]
[[0, 4, 3, 5, 0, 0, 1, 1, 0, 6, 4, 7, 0, 2, 2], 1.2069758634713545, 0.13531136512756348, 0]
[[0, 4, 3, 5, 0, 0, 1, 1, 0, 6, 4, 7, 0, 4, 3], 1.0377755375685156, 0.12441158294677734, 0]
[[0, 4, 3, 5, 0, 0, 1, 1, 0, 6, 4, 7, 0, 6, 4], 1.9864610439204173, 0.12633776664733887, 0]
[[0, 4, 3, 5, 0, 2, 2, 3, 0, 0, 1, 1, 0, 0, 1], 1.8842411158319088, 0.11403322219848633, 0]
[[0, 4, 3, 5, 0, 2, 2, 3, 0, 0, 1, 1, 0, 2, 2], 1.0472389931740693, 0.1228647232055664, 0]
[[0, 4, 3, 5, 0, 2, 2, 3, 0, 0, 1, 1, 0, 4, 3], 1.8836586002773332, 0.1329948902130127, 0]
[[0, 4, 3, 5, 0, 2, 2, 3, 0, 0, 1, 1, 0, 6, 4], 1.7388634686082503, 0.10335898399353027, 0]
[[0, 4, 3, 5, 0, 2, 2, 3, 0, 2, 2, 3, 0, 0, 1], 1.4765829513324538, 0.12126612663269043, 0]
[[0, 4, 3, 5, 0, 2, 2, 3, 0, 2, 2, 3, 0, 2, 2], 1.0314236557797374, 0.11044764518737793, 0]
[[0, 4, 3, 5, 0, 2, 2, 3, 0, 2, 2, 3, 0, 4, 3], 1.034630571831336, 0.11218738555908203, 0]
[[0, 4, 3, 5, 0, 2, 2, 3, 0, 2, 2, 3, 0, 6, 4], 1.2483995904311584, 0.11307573318481445, 0]
[[0, 4, 3, 5, 0, 2, 2, 3, 0, 4, 3, 5, 0, 0, 1], 2.353612564208213, 0.16745805740356445, 0]
[[0, 4, 3, 5, 0, 2, 2, 3, 0, 4, 3, 5, 0, 2, 2], 1.1606414620090961, 0.11374664306640625, 0]
[[0, 4, 3, 5, 0, 2, 2, 3, 0, 4, 3, 5, 0, 4, 3], 1.6153508775097607, 0.10743546485900879, 0]
[[0, 4, 3, 5, 0, 2, 2, 3, 0, 4, 3, 5, 0, 6, 4], 1.8627300597125882, 0.10464143753051758, 0]
[[0, 4, 3, 5, 0, 2, 2, 3, 0, 6, 4, 7, 0, 0, 1], 1.3220725983158546, 0.12225341796875, 0]
[[0, 4, 3, 5, 0, 2, 2, 3, 0, 6, 4, 7, 0, 2, 2], 1.9596378744572012, 0.10057568550109863, 0]
[[0, 4, 3, 5, 0, 2, 2, 3, 0, 6, 4, 7, 0, 4, 3], 1.8127480316837326, 0.10526013374328613, 0]
[[0, 4, 3, 5, 0, 2, 2, 3, 0, 6, 4, 7, 0, 6, 4], 1.306229283235555, 0.10091161727905273, 0]
[[0, 4, 3, 5, 0, 4, 3, 5, 0, 0, 1, 1, 0, 0, 1], 1.1927603601343606, 0.1035621166229248, 0]
[[0, 4, 3, 5, 0, 4, 3, 5, 0, 0, 1, 1, 0, 2, 2], 1.2998493921217562, 0.10001349449157715, 0]
[[0, 4, 3, 5, 0, 4, 3, 5, 0, 0, 1, 1, 0, 4, 3], 1.187966751889072, 0.11887526512145996, 0]
[[0, 4, 3, 5, 0, 4, 3, 5, 0, 0, 1, 1, 0, 6, 4], 1.4239446874796686, 0.09835958480834961, 0]
[[0, 4, 3, 5, 0, 4, 3, 5, 0, 2, 2, 3, 0, 0, 1], 2.626878498301736, 0.13687801361083984, 0]
[[0, 4, 3, 5, 0, 4, 3, 5, 0, 2, 2, 3, 0, 2, 2], 1.224820143256754, 0.11589908599853516, 0]
[[0, 4, 3, 5, 0, 4, 3, 5, 0, 2, 2, 3, 0, 4, 3], 2.455602215428936, 0.1260972023010254, 0]
[[0, 4, 3, 5, 0, 4, 3, 5, 0, 2, 2, 3, 0, 6, 4], 1.1260153433910274, 0.1026911735534668, 0]
[[0, 4, 3, 5, 0, 4, 3, 5, 0, 4, 3, 5, 0, 0, 1], 1.0351965902303994, 0.14491009712219238, 0]
[[0, 4, 3, 5, 0, 4, 3, 5, 0, 4, 3, 5, 0, 2, 2], 1.501410275215258, 0.1326448917388916, 0]
[[0, 4, 3, 5, 0, 4, 3, 5, 0, 4, 3, 5, 0, 4, 3], 1.1601009258649717, 0.12749648094177246, 0]
[[0, 4, 3, 5, 0, 4, 3, 5, 0, 4, 3, 5, 0, 6, 4], 1.0079399934493085, 0.11089444160461426, 0]
[[0, 4, 3, 5, 0, 4, 3, 5, 0, 6, 4, 7, 0, 0, 1], 1.4508722725406327, 0.10791516304016113, 0]
[[0, 4, 3, 5, 0, 4, 3, 5, 0, 6, 4, 7, 0, 2, 2], 1.2422155869101132, 0.10639834403991699, 0]
[[0, 4, 3, 5, 0, 4, 3, 5, 0, 6, 4, 7, 0, 4, 3], 1.4328282081053487, 0.11030435562133789, 0]
[[0, 4, 3, 5, 0, 4, 3, 5, 0, 6, 4, 7, 0, 6, 4], 1.2510530949774976, 0.10706114768981934, 0]
[[0, 4, 3, 5, 0, 6, 4, 7, 0, 0, 1, 1, 0, 0, 1], 1.4255048437867819, 0.11322283744812012, 0]
[[0, 4, 3, 5, 0, 6, 4, 7, 0, 0, 1, 1, 0, 2, 2], 1.3187081816273714, 0.11629939079284668, 0]
[[0, 4, 3, 5, 0, 6, 4, 7, 0, 0, 1, 1, 0, 4, 3], 1.4259618931518392, 0.12440013885498047, 0]
[[0, 4, 3, 5, 0, 6, 4, 7, 0, 0, 1, 1, 0, 6, 4], 1.4436855412577076, 0.11489248275756836, 0]
[[0, 4, 3, 5, 0, 6, 4, 7, 0, 2, 2, 3, 0, 0, 1], 1.55860411110213, 0.09688830375671387, 0]
[[0, 4, 3, 5, 0, 6, 4, 7, 0, 2, 2, 3, 0, 2, 2], 1.9712772500281293, 0.14686965942382812, 0]
[[0, 4, 3, 5, 0, 6, 4, 7, 0, 2, 2, 3, 0, 4, 3], 4.9181096225054155, 0.10015296936035156, 0]
[[0, 4, 3, 5, 0, 6, 4, 7, 0, 2, 2, 3, 0, 6, 4], 1.3108029707263547, 0.0975501537322998, 0]
[[0, 4, 3, 5, 0, 6, 4, 7, 0, 4, 3, 5, 0, 0, 1], 2.0113181280404353, 0.10921978950500488, 0]
[[0, 4, 3, 5, 0, 6, 4, 7, 0, 4, 3, 5, 0, 2, 2], 1.8468491264347469, 0.1391584873199463, 0]
[[0, 4, 3, 5, 0, 6, 4, 7, 0, 4, 3, 5, 0, 4, 3], 2.217071649337606, 0.11763596534729004, 0]
[[0, 4, 3, 5, 0, 6, 4, 7, 0, 4, 3, 5, 0, 6, 4], 1.5756524975823412, 0.1090548038482666, 0]
[[0, 4, 3, 5, 0, 6, 4, 7, 0, 6, 4, 7, 0, 0, 1], 1.2306912801324434, 0.10286951065063477, 0]
[[0, 4, 3, 5, 0, 6, 4, 7, 0, 6, 4, 7, 0, 2, 2], 1.1759347958513613, 0.10414862632751465, 0]
[[0, 4, 3, 5, 0, 6, 4, 7, 0, 6, 4, 7, 0, 4, 3], 1.7070536115753614, 0.11046123504638672, 0]
[[0, 4, 3, 5, 0, 6, 4, 7, 0, 6, 4, 7, 0, 6, 4], 1.0279312925695945, 0.1208345890045166, 0]
[[0, 6, 4, 7, 0, 0, 1, 1, 0, 2, 2, 3, 0, 0, 1], 1.0666855383834994, 0.08532452583312988, 0]
[[0, 6, 4, 7, 0, 0, 1, 1, 0, 2, 2, 3, 0, 2, 2], 1.2247738523359801, 0.10300683975219727, 0]
[[0, 6, 4, 7, 0, 0, 1, 1, 0, 2, 2, 3, 0, 4, 3], 2.2113499032836548, 0.09171390533447266, 0]
[[0, 6, 4, 7, 0, 0, 1, 1, 0, 2, 2, 3, 0, 6, 4], 1.4703737421085603, 0.09973335266113281, 0]
[[0, 6, 4, 7, 0, 0, 1, 1, 0, 4, 3, 5, 0, 0, 1], 1.7590066202030878, 0.11538243293762207, 0]
[[0, 6, 4, 7, 0, 0, 1, 1, 0, 4, 3, 5, 0, 2, 2], 1.962577134675153, 0.09570193290710449, 0]
[[0, 6, 4, 7, 0, 0, 1, 1, 0, 4, 3, 5, 0, 4, 3], 2.080223797474115, 0.09972524642944336, 0]
[[0, 6, 4, 7, 0, 0, 1, 1, 0, 4, 3, 5, 0, 6, 4], 1.296788126395728, 0.09747004508972168, 0]
[[0, 6, 4, 7, 0, 0, 1, 1, 0, 6, 4, 7, 0, 0, 1], 2.0210108354533545, 0.09179806709289551, 0]
[[0, 6, 4, 7, 0, 0, 1, 1, 0, 6, 4, 7, 0, 2, 2], 1.2307751778732718, 0.09296965599060059, 0]
[[0, 6, 4, 7, 0, 0, 1, 1, 0, 6, 4, 7, 0, 4, 3], 1.0851539122109395, 0.13809633255004883, 0]
[[0, 6, 4, 7, 0, 0, 1, 1, 0, 6, 4, 7, 0, 6, 4], 1.1635241122132487, 0.09505796432495117, 0]
[[0, 6, 4, 7, 0, 2, 2, 3, 0, 0, 1, 1, 0, 0, 1], 1.4277285525436794, 0.08576464653015137, 0]
[[0, 6, 4, 7, 0, 2, 2, 3, 0, 0, 1, 1, 0, 2, 2], 1.4965575778758406, 0.08632874488830566, 0]
[[0, 6, 4, 7, 0, 2, 2, 3, 0, 0, 1, 1, 0, 4, 3], 1.546010863630464, 0.0901482105255127, 0]
[[0, 6, 4, 7, 0, 2, 2, 3, 0, 0, 1, 1, 0, 6, 4], 1.3645265338649117, 0.08781933784484863, 0]
[[0, 6, 4, 7, 0, 2, 2, 3, 0, 2, 2, 3, 0, 0, 1], 2.17697262544493, 0.08777713775634766, 0]
[[0, 6, 4, 7, 0, 2, 2, 3, 0, 2, 2, 3, 0, 2, 2], 2.028693557653811, 0.0875694751739502, 0]
[[0, 6, 4, 7, 0, 2, 2, 3, 0, 2, 2, 3, 0, 4, 3], 1.7085107319332016, 0.09091043472290039, 0]
[[0, 6, 4, 7, 0, 2, 2, 3, 0, 2, 2, 3, 0, 6, 4], 3.2429809592564265, 0.08884954452514648, 0]
[[0, 6, 4, 7, 0, 2, 2, 3, 0, 4, 3, 5, 0, 0, 1], 1.5929641854807977, 0.09693670272827148, 0]
[[0, 6, 4, 7, 0, 2, 2, 3, 0, 4, 3, 5, 0, 2, 2], 2.0614504853053846, 0.09997200965881348, 0]
[[0, 6, 4, 7, 0, 2, 2, 3, 0, 4, 3, 5, 0, 4, 3], 1.297644853953466, 0.10177779197692871, 0]
[[0, 6, 4, 7, 0, 2, 2, 3, 0, 4, 3, 5, 0, 6, 4], 1.3327435811857782, 0.11633563041687012, 0]
[[0, 6, 4, 7, 0, 2, 2, 3, 0, 6, 4, 7, 0, 0, 1], 1.1986138042407801, 0.11619186401367188, 0]
[[0, 6, 4, 7, 0, 2, 2, 3, 0, 6, 4, 7, 0, 2, 2], 3.208751288409914, 0.11337447166442871, 0]
[[0, 6, 4, 7, 0, 2, 2, 3, 0, 6, 4, 7, 0, 4, 3], 1.2653924288836533, 0.12625956535339355, 0]
[[0, 6, 4, 7, 0, 2, 2, 3, 0, 6, 4, 7, 0, 6, 4], 1.0127047813137386, 0.1083672046661377, 0]
[[0, 6, 4, 7, 0, 4, 3, 5, 0, 0, 1, 1, 0, 0, 1], 1.3868732011314246, 0.10231566429138184, 0]
[[0, 6, 4, 7, 0, 4, 3, 5, 0, 0, 1, 1, 0, 2, 2], 1.4070284633960275, 0.11568284034729004, 0]
[[0, 6, 4, 7, 0, 4, 3, 5, 0, 0, 1, 1, 0, 4, 3], 2.0113871830449956, 0.10062122344970703, 0]
[[0, 6, 4, 7, 0, 4, 3, 5, 0, 0, 1, 1, 0, 6, 4], 1.6886410727379613, 0.09622526168823242, 0]
[[0, 6, 4, 7, 0, 4, 3, 5, 0, 2, 2, 3, 0, 0, 1], 1.0205908079615662, 0.1136317253112793, 0]
[[0, 6, 4, 7, 0, 4, 3, 5, 0, 2, 2, 3, 0, 2, 2], 1.2530418291853642, 0.1667335033416748, 0]
[[0, 6, 4, 7, 0, 4, 3, 5, 0, 2, 2, 3, 0, 4, 3], 2.076867201546834, 0.10110116004943848, 0]
[[0, 6, 4, 7, 0, 4, 3, 5, 0, 2, 2, 3, 0, 6, 4], 2.326727506154175, 0.10097074508666992, 0]
[[0, 6, 4, 7, 0, 4, 3, 5, 0, 4, 3, 5, 0, 0, 1], 1.4561824459885107, 0.10618829727172852, 0]
[[0, 6, 4, 7, 0, 4, 3, 5, 0, 4, 3, 5, 0, 2, 2], 1.9933143287500752, 0.10674738883972168, 0]
[[0, 6, 4, 7, 0, 4, 3, 5, 0, 4, 3, 5, 0, 4, 3], 1.0653580372096791, 0.1123342514038086, 0]
[[0, 6, 4, 7, 0, 4, 3, 5, 0, 4, 3, 5, 0, 6, 4], 1.0797393914722264, 0.1103968620300293, 0]
[[0, 6, 4, 7, 0, 4, 3, 5, 0, 6, 4, 7, 0, 0, 1], 2.4643332217643223, 0.10482597351074219, 0]
[[0, 6, 4, 7, 0, 4, 3, 5, 0, 6, 4, 7, 0, 2, 2], 1.058790279510081, 0.1265726089477539, 0]
[[0, 6, 4, 7, 0, 4, 3, 5, 0, 6, 4, 7, 0, 4, 3], 1.1533427699334036, 0.11035585403442383, 0]
[[0, 6, 4, 7, 0, 4, 3, 5, 0, 6, 4, 7, 0, 6, 4], 1.148348309524774, 0.10625410079956055, 0]
[[0, 6, 4, 7, 0, 6, 4, 7, 0, 0, 1, 1, 0, 0, 1], 4.38049617582981, 0.09490704536437988, 0]
[[0, 6, 4, 7, 0, 6, 4, 7, 0, 0, 1, 1, 0, 2, 2], 1.7553498525388929, 0.09563755989074707, 0]
[[0, 6, 4, 7, 0, 6, 4, 7, 0, 0, 1, 1, 0, 4, 3], 2.800798082447325, 0.10040402412414551, 0]
[[0, 6, 4, 7, 0, 6, 4, 7, 0, 0, 1, 1, 0, 6, 4], 1.351894617371332, 0.09642767906188965, 0]
[[0, 6, 4, 7, 0, 6, 4, 7, 0, 2, 2, 3, 0, 0, 1], 3.671897170040015, 0.09677600860595703, 0]
[[0, 6, 4, 7, 0, 6, 4, 7, 0, 2, 2, 3, 0, 2, 2], 2.0550125085059756, 0.09690999984741211, 0]
[[0, 6, 4, 7, 0, 6, 4, 7, 0, 2, 2, 3, 0, 4, 3], 1.1266871592181082, 0.09882020950317383, 0]
[[0, 6, 4, 7, 0, 6, 4, 7, 0, 2, 2, 3, 0, 6, 4], 1.758040873171367, 0.13782238960266113, 0]
[[0, 6, 4, 7, 0, 6, 4, 7, 0, 4, 3, 5, 0, 0, 1], 1.2624861594927341, 0.1041419506072998, 0]
[[0, 6, 4, 7, 0, 6, 4, 7, 0, 4, 3, 5, 0, 2, 2], 1.2063038146711047, 0.12115335464477539, 0]
[[0, 6, 4, 7, 0, 6, 4, 7, 0, 4, 3, 5, 0, 4, 3], 1.0878419093686937, 0.11060571670532227, 0]
[[0, 6, 4, 7, 0, 6, 4, 7, 0, 4, 3, 5, 0, 6, 4], 1.4044252164645221, 0.10488176345825195, 0]
[[0, 6, 4, 7, 0, 6, 4, 7, 0, 6, 4, 7, 0, 0, 1], 1.9110188990061514, 0.10231757164001465, 0]
[[0, 6, 4, 7, 0, 6, 4, 7, 0, 6, 4, 7, 0, 2, 2], 1.6486374473742096, 0.10291862487792969, 0]
[[0, 6, 4, 7, 0, 6, 4, 7, 0, 6, 4, 7, 0, 4, 3], 1.7488425594785013, 0.10587453842163086, 0]
[[0, 6, 4, 7, 0, 6, 4, 7, 0, 6, 4, 7, 0, 6, 4], 2.3174691221139807, 0.14301276206970215, 0]
[[1, 1, 0, 0, 1, 1, 0, 0, 1, 1, 0, 0, 1, 1, 0], 1.0014647969573958, 0.1020667552947998, 0]
[[1, 1, 0, 0, 1, 1, 0, 0, 1, 1, 0, 2, 2, 3, 0], 1.239376446954713, 0.08147335052490234, 0]
[[1, 1, 0, 0, 1, 1, 0, 0, 1, 1, 0, 4, 3, 5, 0], 1.0671703247866224, 0.0888662338256836, 0]
[[1, 1, 0, 0, 1, 1, 0, 0, 1, 1, 0, 6, 4, 7, 0], 1.082426961759064, 0.1248021125793457, 0]
[[1, 1, 0, 0, 1, 1, 0, 2, 2, 3, 0, 0, 1, 1, 0], 1.0235916186030922, 0.08138847351074219, 0]
[[1, 1, 0, 0, 1, 1, 0, 2, 2, 3, 0, 2, 2, 3, 0], 1.0124094763595386, 0.08187651634216309, 0]
[[1, 1, 0, 0, 1, 1, 0, 2, 2, 3, 0, 4, 3, 5, 0], 1.026774346156445, 0.08904647827148438, 0]
[[1, 1, 0, 0, 1, 1, 0, 2, 2, 3, 0, 6, 4, 7, 0], 1.1514739305104271, 0.08791375160217285, 0]
[[1, 1, 0, 0, 1, 1, 0, 4, 3, 5, 0, 0, 1, 1, 0], 1.1235526546359103, 0.08881926536560059, 0]
[[1, 1, 0, 0, 1, 1, 0, 4, 3, 5, 0, 2, 2, 3, 0], 1.1401507010929421, 0.0903174877166748, 0]
[[1, 1, 0, 0, 1, 1, 0, 4, 3, 5, 0, 4, 3, 5, 0], 1.1949181484046494, 0.10024046897888184, 0]
[[1, 1, 0, 0, 1, 1, 0, 4, 3, 5, 0, 6, 4, 7, 0], 1.1185700888354417, 0.09904861450195312, 0]
[[1, 1, 0, 0, 1, 1, 0, 6, 4, 7, 0, 0, 1, 1, 0], 1.0457540008196324, 0.0876314640045166, 0]
[[1, 1, 0, 0, 1, 1, 0, 6, 4, 7, 0, 2, 2, 3, 0], 1.382975591145148, 0.08860492706298828, 0]
[[1, 1, 0, 0, 1, 1, 0, 6, 4, 7, 0, 4, 3, 5, 0], 1.319787642561265, 0.09744906425476074, 0]
[[1, 1, 0, 0, 1, 1, 0, 6, 4, 7, 0, 6, 4, 7, 0], 1.1926106169418287, 0.0962369441986084, 0]
[[1, 1, 0, 2, 2, 3, 0, 0, 1, 1, 0, 0, 1, 1, 0], 1.025234415065633, 0.08216524124145508, 0]
[[1, 1, 0, 2, 2, 3, 0, 0, 1, 1, 0, 2, 2, 3, 0], 2.207747186354181, 0.0834355354309082, 0]
[[1, 1, 0, 2, 2, 3, 0, 0, 1, 1, 0, 4, 3, 5, 0], 1.2580576686501623, 0.09224820137023926, 0]
[[1, 1, 0, 2, 2, 3, 0, 0, 1, 1, 0, 6, 4, 7, 0], 1.237877779762101, 0.08875870704650879, 0]
[[1, 1, 0, 2, 2, 3, 0, 2, 2, 3, 0, 0, 1, 1, 0], 1.1746002938001383, 0.08260607719421387, 0]
[[1, 1, 0, 2, 2, 3, 0, 2, 2, 3, 0, 2, 2, 3, 0], 1.1169137553263284, 0.09094095230102539, 0]
[[1, 1, 0, 2, 2, 3, 0, 2, 2, 3, 0, 4, 3, 5, 0], 1.251155217864307, 0.09494662284851074, 0]
[[1, 1, 0, 2, 2, 3, 0, 2, 2, 3, 0, 6, 4, 7, 0], 1.0300485129790287, 0.1176152229309082, 0]
[[1, 1, 0, 2, 2, 3, 0, 4, 3, 5, 0, 0, 1, 1, 0], 1.0020236371239137, 0.09231972694396973, 0]
[[1, 1, 0, 2, 2, 3, 0, 4, 3, 5, 0, 2, 2, 3, 0], 1.0414447832931437, 0.09460186958312988, 0]
[[1, 1, 0, 2, 2, 3, 0, 4, 3, 5, 0, 4, 3, 5, 0], 1.2921922370577519, 0.10979223251342773, 0]
[[1, 1, 0, 2, 2, 3, 0, 4, 3, 5, 0, 6, 4, 7, 0], 1.1796796650949501, 0.1024782657623291, 0]
[[1, 1, 0, 2, 2, 3, 0, 6, 4, 7, 0, 0, 1, 1, 0], 1.311629019168295, 0.08861494064331055, 0]
[[1, 1, 0, 2, 2, 3, 0, 6, 4, 7, 0, 2, 2, 3, 0], 1.7811615752978198, 0.09108114242553711, 0]
[[1, 1, 0, 2, 2, 3, 0, 6, 4, 7, 0, 4, 3, 5, 0], 1.2034652058018245, 0.11499547958374023, 0]
[[1, 1, 0, 2, 2, 3, 0, 6, 4, 7, 0, 6, 4, 7, 0], 1.2734117038753647, 0.11267757415771484, 0]
[[1, 1, 0, 4, 3, 5, 0, 0, 1, 1, 0, 0, 1, 1, 0], 1.1556014134854937, 0.09146261215209961, 0]
[[1, 1, 0, 4, 3, 5, 0, 0, 1, 1, 0, 2, 2, 3, 0], 1.044602149237331, 0.09290528297424316, 0]
[[1, 1, 0, 4, 3, 5, 0, 0, 1, 1, 0, 4, 3, 5, 0], 1.4021145842601161, 0.11740231513977051, 0]
[[1, 1, 0, 4, 3, 5, 0, 0, 1, 1, 0, 6, 4, 7, 0], 1.041406803949845, 0.1210024356842041, 0]
[[1, 1, 0, 4, 3, 5, 0, 2, 2, 3, 0, 0, 1, 1, 0], 1.2418784139493722, 0.09133124351501465, 0]
[[1, 1, 0, 4, 3, 5, 0, 2, 2, 3, 0, 2, 2, 3, 0], 1.056242839018807, 0.1125493049621582, 0]
[[1, 1, 0, 4, 3, 5, 0, 2, 2, 3, 0, 4, 3, 5, 0], 1.1587919217850038, 0.1538989543914795, 0]
[[1, 1, 0, 4, 3, 5, 0, 2, 2, 3, 0, 6, 4, 7, 0], 1.381132714148371, 0.11764883995056152, 0]
[[1, 1, 0, 4, 3, 5, 0, 4, 3, 5, 0, 0, 1, 1, 0], 1.4429271005529967, 0.11961817741394043, 0]
[[1, 1, 0, 4, 3, 5, 0, 4, 3, 5, 0, 2, 2, 3, 0], 1.201072235119249, 0.1433427333831787, 0]
[[1, 1, 0, 4, 3, 5, 0, 4, 3, 5, 0, 4, 3, 5, 0], 1.3568926774967596, 0.1269850730895996, 0]
[[1, 1, 0, 4, 3, 5, 0, 4, 3, 5, 0, 6, 4, 7, 0], 1.0689639255259706, 0.11572933197021484, 0]
[[1, 1, 0, 4, 3, 5, 0, 6, 4, 7, 0, 0, 1, 1, 0], 1.0883669404264324, 0.10130429267883301, 0]
[[1, 1, 0, 4, 3, 5, 0, 6, 4, 7, 0, 2, 2, 3, 0], 1.047788820463236, 0.10123062133789062, 0]
[[1, 1, 0, 4, 3, 5, 0, 6, 4, 7, 0, 4, 3, 5, 0], 1.5924251287557878, 0.11542057991027832, 0]
[[1, 1, 0, 4, 3, 5, 0, 6, 4, 7, 0, 6, 4, 7, 0], 1.0118372108401281, 0.10814523696899414, 0]
[[1, 1, 0, 6, 4, 7, 0, 0, 1, 1, 0, 0, 1, 1, 0], 1.0710560117880903, 0.08662629127502441, 0]
[[1, 1, 0, 6, 4, 7, 0, 0, 1, 1, 0, 2, 2, 3, 0], 1.5379758003524193, 0.1070411205291748, 0]
[[1, 1, 0, 6, 4, 7, 0, 0, 1, 1, 0, 4, 3, 5, 0], 1.080686674573698, 0.11251187324523926, 0]
[[1, 1, 0, 6, 4, 7, 0, 0, 1, 1, 0, 6, 4, 7, 0], 1.3339832047896576, 0.09517931938171387, 0]
[[1, 1, 0, 6, 4, 7, 0, 2, 2, 3, 0, 0, 1, 1, 0], 1.0824120158974548, 0.14020228385925293, 0]
[[1, 1, 0, 6, 4, 7, 0, 2, 2, 3, 0, 2, 2, 3, 0], 1.2685418938152877, 0.14926743507385254, 0]
[[1, 1, 0, 6, 4, 7, 0, 2, 2, 3, 0, 4, 3, 5, 0], 1.4518336309649584, 0.1137244701385498, 0]
[[1, 1, 0, 6, 4, 7, 0, 2, 2, 3, 0, 6, 4, 7, 0], 1.5538665819493276, 0.12355756759643555, 0]
[[1, 1, 0, 6, 4, 7, 0, 4, 3, 5, 0, 0, 1, 1, 0], 1.2149523168304648, 0.12636756896972656, 0]
[[1, 1, 0, 6, 4, 7, 0, 4, 3, 5, 0, 2, 2, 3, 0], 1.171036758600304, 0.10065078735351562, 0]
[[1, 1, 0, 6, 4, 7, 0, 4, 3, 5, 0, 4, 3, 5, 0], 1.438733996652371, 0.11728310585021973, 0]
[[1, 1, 0, 6, 4, 7, 0, 4, 3, 5, 0, 6, 4, 7, 0], 1.1913963540885502, 0.1202538013458252, 0]
[[1, 1, 0, 6, 4, 7, 0, 6, 4, 7, 0, 0, 1, 1, 0], 1.1196176112725975, 0.09643745422363281, 0]
[[1, 1, 0, 6, 4, 7, 0, 6, 4, 7, 0, 2, 2, 3, 0], 1.4635701254100348, 0.11214947700500488, 0]
[[1, 1, 0, 6, 4, 7, 0, 6, 4, 7, 0, 4, 3, 5, 0], 1.414906410129746, 0.1074819564819336, 0]
[[1, 1, 0, 6, 4, 7, 0, 6, 4, 7, 0, 6, 4, 7, 0], 1.0958659863097249, 0.12776398658752441, 0]
[[2, 3, 0, 0, 1, 1, 0, 0, 1, 1, 0, 0, 1, 1, 0], 1.3490898455366704, 0.08249664306640625, 0]
[[2, 3, 0, 0, 1, 1, 0, 0, 1, 1, 0, 2, 2, 3, 0], 1.0840508045775228, 0.10101842880249023, 0]
[[2, 3, 0, 0, 1, 1, 0, 0, 1, 1, 0, 4, 3, 5, 0], 1.3097391049670477, 0.09096884727478027, 0]
[[2, 3, 0, 0, 1, 1, 0, 0, 1, 1, 0, 6, 4, 7, 0], 1.0453439822175852, 0.0869758129119873, 0]
[[2, 3, 0, 0, 1, 1, 0, 2, 2, 3, 0, 0, 1, 1, 0], 1.1255639934239499, 0.08185958862304688, 0]
[[2, 3, 0, 0, 1, 1, 0, 2, 2, 3, 0, 2, 2, 3, 0], 1.0323494676734049, 0.08467221260070801, 0]
[[2, 3, 0, 0, 1, 1, 0, 2, 2, 3, 0, 4, 3, 5, 0], 1.0428752994708415, 0.09023475646972656, 0]
[[2, 3, 0, 0, 1, 1, 0, 2, 2, 3, 0, 6, 4, 7, 0], 1.0735527665436075, 0.0886225700378418, 0]
[[2, 3, 0, 0, 1, 1, 0, 4, 3, 5, 0, 0, 1, 1, 0], 1.0379339306005706, 0.09206700325012207, 0]
[[2, 3, 0, 0, 1, 1, 0, 4, 3, 5, 0, 2, 2, 3, 0], 1.2601330545576617, 0.09277606010437012, 0]
[[2, 3, 0, 0, 1, 1, 0, 4, 3, 5, 0, 4, 3, 5, 0], 1.034020987961751, 0.1018528938293457, 0]
[[2, 3, 0, 0, 1, 1, 0, 4, 3, 5, 0, 6, 4, 7, 0], 1.0135952633970082, 0.09948968887329102, 0]
[[2, 3, 0, 0, 1, 1, 0, 6, 4, 7, 0, 0, 1, 1, 0], 1.5627050703719871, 0.09001612663269043, 0]
[[2, 3, 0, 0, 1, 1, 0, 6, 4, 7, 0, 2, 2, 3, 0], 1.0562235900347423, 0.09028077125549316, 0]
[[2, 3, 0, 0, 1, 1, 0, 6, 4, 7, 0, 4, 3, 5, 0], 1.3938844714362435, 0.10228991508483887, 0]
[[2, 3, 0, 0, 1, 1, 0, 6, 4, 7, 0, 6, 4, 7, 0], 1.2429897252860835, 0.09905576705932617, 0]
[[2, 3, 0, 2, 2, 3, 0, 0, 1, 1, 0, 0, 1, 1, 0], 1.0728462698077432, 0.10955452919006348, 0]
[[2, 3, 0, 2, 2, 3, 0, 0, 1, 1, 0, 2, 2, 3, 0], 1.0530381207525696, 0.08597540855407715, 0]
[[2, 3, 0, 2, 2, 3, 0, 0, 1, 1, 0, 4, 3, 5, 0], 1.0628657109995874, 0.09524869918823242, 0]
[[2, 3, 0, 2, 2, 3, 0, 0, 1, 1, 0, 6, 4, 7, 0], 1.259392899866038, 0.0910940170288086, 0]
[[2, 3, 0, 2, 2, 3, 0, 2, 2, 3, 0, 0, 1, 1, 0], 1.5422833030273169, 0.08769536018371582, 0]
[[2, 3, 0, 2, 2, 3, 0, 2, 2, 3, 0, 2, 2, 3, 0], 1.0006212597091584, 0.08807516098022461, 0]
[[2, 3, 0, 2, 2, 3, 0, 2, 2, 3, 0, 4, 3, 5, 0], 1.1358717682067156, 0.09657907485961914, 0]
[[2, 3, 0, 2, 2, 3, 0, 2, 2, 3, 0, 6, 4, 7, 0], 1.1026867330685846, 0.10837626457214355, 0]
[[2, 3, 0, 2, 2, 3, 0, 4, 3, 5, 0, 0, 1, 1, 0], 1.4508575603431912, 0.0937345027923584, 0]
[[2, 3, 0, 2, 2, 3, 0, 4, 3, 5, 0, 2, 2, 3, 0], 1.5586687065221392, 0.09518122673034668, 0]
[[2, 3, 0, 2, 2, 3, 0, 4, 3, 5, 0, 4, 3, 5, 0], 1.3441734156208642, 0.10379838943481445, 0]
[[2, 3, 0, 2, 2, 3, 0, 4, 3, 5, 0, 6, 4, 7, 0], 1.2720989376581067, 0.1026756763458252, 0]
[[2, 3, 0, 2, 2, 3, 0, 6, 4, 7, 0, 0, 1, 1, 0], 1.014832575403148, 0.10579919815063477, 0]
[[2, 3, 0, 2, 2, 3, 0, 6, 4, 7, 0, 2, 2, 3, 0], 1.077926826344573, 0.09471487998962402, 0]
[[2, 3, 0, 2, 2, 3, 0, 6, 4, 7, 0, 4, 3, 5, 0], 1.1357545643953237, 0.10282421112060547, 0]
[[2, 3, 0, 2, 2, 3, 0, 6, 4, 7, 0, 6, 4, 7, 0], 1.178131662657655, 0.09583234786987305, 0]
[[2, 3, 0, 4, 3, 5, 0, 0, 1, 1, 0, 0, 1, 1, 0], 1.2383695823002916, 0.09248590469360352, 0]
[[2, 3, 0, 4, 3, 5, 0, 0, 1, 1, 0, 2, 2, 3, 0], 1.5084517941145326, 0.09241700172424316, 0]
[[2, 3, 0, 4, 3, 5, 0, 0, 1, 1, 0, 4, 3, 5, 0], 1.0905117333172276, 0.10440874099731445, 0]
[[2, 3, 0, 4, 3, 5, 0, 0, 1, 1, 0, 6, 4, 7, 0], 1.1256075695671186, 0.09946084022521973, 0]
[[2, 3, 0, 4, 3, 5, 0, 2, 2, 3, 0, 0, 1, 1, 0], 1.1376201130063912, 0.0954580307006836, 0]
[[2, 3, 0, 4, 3, 5, 0, 2, 2, 3, 0, 2, 2, 3, 0], 1.2954968959172968, 0.10244369506835938, 0]
[[2, 3, 0, 4, 3, 5, 0, 2, 2, 3, 0, 4, 3, 5, 0], 1.3767646462057892, 0.1470625400543213, 0]
[[2, 3, 0, 4, 3, 5, 0, 2, 2, 3, 0, 6, 4, 7, 0], 1.3295304676316442, 0.10113692283630371, 0]
[[2, 3, 0, 4, 3, 5, 0, 4, 3, 5, 0, 0, 1, 1, 0], 1.227413299406067, 0.1014108657836914, 0]
[[2, 3, 0, 4, 3, 5, 0, 4, 3, 5, 0, 2, 2, 3, 0], 1.072353613760127, 0.10443711280822754, 0]
[[2, 3, 0, 4, 3, 5, 0, 4, 3, 5, 0, 4, 3, 5, 0], 1.2649169606689274, 0.11374282836914062, 0]
[[2, 3, 0, 4, 3, 5, 0, 4, 3, 5, 0, 6, 4, 7, 0], 1.457182853320388, 0.10997676849365234, 0]
[[2, 3, 0, 4, 3, 5, 0, 6, 4, 7, 0, 0, 1, 1, 0], 1.076433044450586, 0.10041403770446777, 0]
[[2, 3, 0, 4, 3, 5, 0, 6, 4, 7, 0, 2, 2, 3, 0], 1.1305287749070405, 0.10350489616394043, 0]
[[2, 3, 0, 4, 3, 5, 0, 6, 4, 7, 0, 4, 3, 5, 0], 1.0425334974676475, 0.12770295143127441, 0]
[[2, 3, 0, 4, 3, 5, 0, 6, 4, 7, 0, 6, 4, 7, 0], 1.0704082419110434, 0.10860848426818848, 0]
[[2, 3, 0, 6, 4, 7, 0, 0, 1, 1, 0, 0, 1, 1, 0], 1.1238473095102168, 0.08897256851196289, 0]
[[2, 3, 0, 6, 4, 7, 0, 0, 1, 1, 0, 2, 2, 3, 0], 1.3380715476578342, 0.09199047088623047, 0]
[[2, 3, 0, 6, 4, 7, 0, 0, 1, 1, 0, 4, 3, 5, 0], 1.3379025689498534, 0.09972500801086426, 0]
[[2, 3, 0, 6, 4, 7, 0, 0, 1, 1, 0, 6, 4, 7, 0], 1.0268841567825435, 0.0963582992553711, 0]
[[2, 3, 0, 6, 4, 7, 0, 2, 2, 3, 0, 0, 1, 1, 0], 1.2658590639504443, 0.09047579765319824, 0]
[[2, 3, 0, 6, 4, 7, 0, 2, 2, 3, 0, 2, 2, 3, 0], 1.6342325977137104, 0.09587931632995605, 0]
[[2, 3, 0, 6, 4, 7, 0, 2, 2, 3, 0, 4, 3, 5, 0], 1.1649089348575232, 0.12798666954040527, 0]
[[2, 3, 0, 6, 4, 7, 0, 2, 2, 3, 0, 6, 4, 7, 0], 1.6406059849964971, 0.10941910743713379, 0]
[[2, 3, 0, 6, 4, 7, 0, 4, 3, 5, 0, 0, 1, 1, 0], 1.433836849868664, 0.11322808265686035, 0]
[[2, 3, 0, 6, 4, 7, 0, 4, 3, 5, 0, 2, 2, 3, 0], 1.0879067415165342, 0.10299062728881836, 0]
[[2, 3, 0, 6, 4, 7, 0, 4, 3, 5, 0, 4, 3, 5, 0], 1.1590904175353782, 0.12543344497680664, 0]
[[2, 3, 0, 6, 4, 7, 0, 4, 3, 5, 0, 6, 4, 7, 0], 1.0190346112489994, 0.12244200706481934, 0]
[[2, 3, 0, 6, 4, 7, 0, 6, 4, 7, 0, 0, 1, 1, 0], 1.4137335562681723, 0.1117708683013916, 0]
[[2, 3, 0, 6, 4, 7, 0, 6, 4, 7, 0, 2, 2, 3, 0], 1.030432973644379, 0.1003413200378418, 0]
[[2, 3, 0, 6, 4, 7, 0, 6, 4, 7, 0, 4, 3, 5, 0], 1.377212960403909, 0.12802767753601074, 0]
[[2, 3, 0, 6, 4, 7, 0, 6, 4, 7, 0, 6, 4, 7, 0], 1.0018679741292555, 0.12633681297302246, 0]
[[3, 5, 0, 0, 1, 1, 0, 0, 1, 1, 0, 0, 1, 1, 0], 1.0612982229902463, 0.08614826202392578, 0]
[[3, 5, 0, 0, 1, 1, 0, 0, 1, 1, 0, 2, 2, 3, 0], 1.0426686869172415, 0.09082722663879395, 0]
[[3, 5, 0, 0, 1, 1, 0, 0, 1, 1, 0, 4, 3, 5, 0], 1.0832813565523653, 0.09537100791931152, 0]
[[3, 5, 0, 0, 1, 1, 0, 0, 1, 1, 0, 6, 4, 7, 0], 1.437348633261487, 0.09469318389892578, 0]
[[3, 5, 0, 0, 1, 1, 0, 2, 2, 3, 0, 0, 1, 1, 0], 1.259292372945241, 0.08871769905090332, 0]
[[3, 5, 0, 0, 1, 1, 0, 2, 2, 3, 0, 2, 2, 3, 0], 1.284408466802696, 0.09086322784423828, 0]
[[3, 5, 0, 0, 1, 1, 0, 2, 2, 3, 0, 4, 3, 5, 0], 1.4471555610083062, 0.0980072021484375, 0]
[[3, 5, 0, 0, 1, 1, 0, 2, 2, 3, 0, 6, 4, 7, 0], 1.0408165182319247, 0.09818339347839355, 0]
[[3, 5, 0, 0, 1, 1, 0, 4, 3, 5, 0, 2, 2, 3, 0], 1.9233717462979814, 0.10344481468200684, 0]
[[3, 5, 0, 0, 1, 1, 0, 4, 3, 5, 0, 4, 3, 5, 0], 1.0679142770390582, 0.12111520767211914, 0]
[[3, 5, 0, 0, 1, 1, 0, 4, 3, 5, 0, 6, 4, 7, 0], 1.0089081895896088, 0.10395503044128418, 0]
[[3, 5, 0, 0, 1, 1, 0, 6, 4, 7, 0, 0, 1, 1, 0], 1.0471002267004874, 0.0920264720916748, 0]
[[3, 5, 0, 0, 1, 1, 0, 6, 4, 7, 0, 2, 2, 3, 0], 1.5164351620158731, 0.11447882652282715, 0]
[[3, 5, 0, 0, 1, 1, 0, 6, 4, 7, 0, 4, 3, 5, 0], 1.2651219001810905, 0.10576677322387695, 0]
[[3, 5, 0, 0, 1, 1, 0, 6, 4, 7, 0, 6, 4, 7, 0], 1.5524243498209631, 0.12502264976501465, 0]
[[3, 5, 0, 2, 2, 3, 0, 0, 1, 1, 0, 0, 1, 1, 0], 1.0281284771507424, 0.08722805976867676, 0]
[[3, 5, 0, 2, 2, 3, 0, 0, 1, 1, 0, 2, 2, 3, 0], 1.3021501390035226, 0.08999443054199219, 0]
[[3, 5, 0, 2, 2, 3, 0, 0, 1, 1, 0, 4, 3, 5, 0], 1.0677065405774366, 0.09782719612121582, 0]
[[3, 5, 0, 2, 2, 3, 0, 0, 1, 1, 0, 6, 4, 7, 0], 1.1197730783163138, 0.09725666046142578, 0]
[[3, 5, 0, 2, 2, 3, 0, 2, 2, 3, 0, 0, 1, 1, 0], 1.8832084070184993, 0.08878374099731445, 0]
[[3, 5, 0, 2, 2, 3, 0, 2, 2, 3, 0, 2, 2, 3, 0], 1.048742036674293, 0.09499335289001465, 0]
[[3, 5, 0, 2, 2, 3, 0, 2, 2, 3, 0, 4, 3, 5, 0], 1.299166530663584, 0.1026468276977539, 0]
[[3, 5, 0, 2, 2, 3, 0, 2, 2, 3, 0, 6, 4, 7, 0], 1.215073528150399, 0.09673070907592773, 0]
[[3, 5, 0, 2, 2, 3, 0, 4, 3, 5, 0, 0, 1, 1, 0], 1.2929062122167987, 0.09794020652770996, 0]
[[3, 5, 0, 2, 2, 3, 0, 4, 3, 5, 0, 2, 2, 3, 0], 1.0767248975923498, 0.10025405883789062, 0]
[[3, 5, 0, 2, 2, 3, 0, 4, 3, 5, 0, 4, 3, 5, 0], 1.1289694175366278, 0.1476426124572754, 0]
[[3, 5, 0, 2, 2, 3, 0, 4, 3, 5, 0, 6, 4, 7, 0], 1.2632604161192713, 0.13465380668640137, 0]
[[3, 5, 0, 2, 2, 3, 0, 6, 4, 7, 0, 0, 1, 1, 0], 1.4414331767402577, 0.09632611274719238, 0]
[[3, 5, 0, 2, 2, 3, 0, 6, 4, 7, 0, 2, 2, 3, 0], 1.2689367657035706, 0.11521220207214355, 0]
[[3, 5, 0, 2, 2, 3, 0, 6, 4, 7, 0, 4, 3, 5, 0], 1.0043629635609999, 0.10704922676086426, 0]
[[3, 5, 0, 2, 2, 3, 0, 6, 4, 7, 0, 6, 4, 7, 0], 1.1699715113745814, 0.12722229957580566, 0]
[[3, 5, 0, 4, 3, 5, 0, 0, 1, 1, 0, 0, 1, 1, 0], 1.2404385474453525, 0.09901118278503418, 0]
[[3, 5, 0, 4, 3, 5, 0, 0, 1, 1, 0, 2, 2, 3, 0], 1.185634487938463, 0.09849786758422852, 0]
[[3, 5, 0, 4, 3, 5, 0, 0, 1, 1, 0, 4, 3, 5, 0], 1.368650199758999, 0.10976171493530273, 0]
[[3, 5, 0, 4, 3, 5, 0, 0, 1, 1, 0, 6, 4, 7, 0], 1.2528765307273337, 0.10481977462768555, 0]
[[3, 5, 0, 4, 3, 5, 0, 2, 2, 3, 0, 0, 1, 1, 0], 1.5917615687718027, 0.10073375701904297, 0]
[[3, 5, 0, 4, 3, 5, 0, 2, 2, 3, 0, 2, 2, 3, 0], 1.2683939025685147, 0.10094761848449707, 0]
[[3, 5, 0, 4, 3, 5, 0, 2, 2, 3, 0, 4, 3, 5, 0], 1.0888098564896083, 0.11008739471435547, 0]
[[3, 5, 0, 4, 3, 5, 0, 2, 2, 3, 0, 6, 4, 7, 0], 1.4834025589852309, 0.10769391059875488, 0]
[[3, 5, 0, 4, 3, 5, 0, 4, 3, 5, 0, 0, 1, 1, 0], 1.6863898832630482, 0.11586523056030273, 0]
[[3, 5, 0, 4, 3, 5, 0, 4, 3, 5, 0, 2, 2, 3, 0], 1.3684985879888725, 0.12861132621765137, 0]
[[3, 5, 0, 4, 3, 5, 0, 4, 3, 5, 0, 4, 3, 5, 0], 1.6520277634005842, 0.12887310981750488, 0]
[[3, 5, 0, 4, 3, 5, 0, 4, 3, 5, 0, 6, 4, 7, 0], 1.5767229760128951, 0.12474489212036133, 0]
[[3, 5, 0, 4, 3, 5, 0, 6, 4, 7, 0, 0, 1, 1, 0], 1.9725053144312914, 0.11441254615783691, 0]
[[3, 5, 0, 4, 3, 5, 0, 6, 4, 7, 0, 2, 2, 3, 0], 2.2556575578546547, 0.11691069602966309, 0]
[[3, 5, 0, 4, 3, 5, 0, 6, 4, 7, 0, 4, 3, 5, 0], 1.0571556170562157, 0.12655091285705566, 0]
[[3, 5, 0, 4, 3, 5, 0, 6, 4, 7, 0, 6, 4, 7, 0], 1.4158968013321824, 0.12270975112915039, 0]
[[3, 5, 0, 6, 4, 7, 0, 0, 1, 1, 0, 0, 1, 1, 0], 1.4428164336404132, 0.10169005393981934, 0]
[[3, 5, 0, 6, 4, 7, 0, 0, 1, 1, 0, 2, 2, 3, 0], 1.2759748389775085, 0.10504531860351562, 0]
[[3, 5, 0, 6, 4, 7, 0, 0, 1, 1, 0, 4, 3, 5, 0], 1.4158451791321967, 0.11321854591369629, 0]
[[3, 5, 0, 6, 4, 7, 0, 0, 1, 1, 0, 6, 4, 7, 0], 1.3168172575980583, 0.1085348129272461, 0]
[[3, 5, 0, 6, 4, 7, 0, 2, 2, 3, 0, 0, 1, 1, 0], 2.7679008074114697, 0.10657548904418945, 0]
[[3, 5, 0, 6, 4, 7, 0, 2, 2, 3, 0, 2, 2, 3, 0], 1.2227899788106174, 0.10889101028442383, 0]
[[3, 5, 0, 6, 4, 7, 0, 2, 2, 3, 0, 4, 3, 5, 0], 1.4211346928775765, 0.11688780784606934, 0]
[[3, 5, 0, 6, 4, 7, 0, 2, 2, 3, 0, 6, 4, 7, 0], 1.009273883216121, 0.11258077621459961, 0]
[[3, 5, 0, 6, 4, 7, 0, 4, 3, 5, 0, 0, 1, 1, 0], 1.131132933966631, 0.10793447494506836, 0]
[[3, 5, 0, 6, 4, 7, 0, 4, 3, 5, 0, 2, 2, 3, 0], 1.2792255150266463, 0.10831546783447266, 0]
[[3, 5, 0, 6, 4, 7, 0, 4, 3, 5, 0, 4, 3, 5, 0], 1.3073673840603264, 0.11791491508483887, 0]
[[3, 5, 0, 6, 4, 7, 0, 4, 3, 5, 0, 6, 4, 7, 0], 1.3647921525354216, 0.11145353317260742, 0]
[[3, 5, 0, 6, 4, 7, 0, 6, 4, 7, 0, 0, 1, 1, 0], 1.211747277967216, 0.14145803451538086, 0]
[[3, 5, 0, 6, 4, 7, 0, 6, 4, 7, 0, 2, 2, 3, 0], 1.2963563694804616, 0.10446786880493164, 0]
[[3, 5, 0, 6, 4, 7, 0, 6, 4, 7, 0, 4, 3, 5, 0], 1.2974292072651947, 0.11580705642700195, 0]
[[3, 5, 0, 6, 4, 7, 0, 6, 4, 7, 0, 6, 4, 7, 0], 1.1467929234780134, 0.11281299591064453, 0]
[[4, 7, 0, 0, 1, 1, 0, 0, 1, 1, 0, 0, 1, 1, 0], 1.0744129357139236, 0.08815479278564453, 0]
[[4, 7, 0, 0, 1, 1, 0, 0, 1, 1, 0, 2, 2, 3, 0], 1.2854101170153065, 0.0899345874786377, 0]
[[4, 7, 0, 0, 1, 1, 0, 0, 1, 1, 0, 4, 3, 5, 0], 1.7995087506662033, 0.09985470771789551, 0]
[[4, 7, 0, 0, 1, 1, 0, 0, 1, 1, 0, 6, 4, 7, 0], 1.3680536435089812, 0.09594082832336426, 0]
[[4, 7, 0, 0, 1, 1, 0, 2, 2, 3, 0, 0, 1, 1, 0], 1.163177982700577, 0.08971881866455078, 0]
[[4, 7, 0, 0, 1, 1, 0, 2, 2, 3, 0, 2, 2, 3, 0], 1.465468344876987, 0.0953059196472168, 0]
[[4, 7, 0, 0, 1, 1, 0, 2, 2, 3, 0, 4, 3, 5, 0], 1.4319348533770522, 0.1243126392364502, 0]
[[4, 7, 0, 0, 1, 1, 0, 2, 2, 3, 0, 6, 4, 7, 0], 1.1092341752460702, 0.09696078300476074, 0]
[[4, 7, 0, 0, 1, 1, 0, 4, 3, 5, 0, 0, 1, 1, 0], 1.1602570810082287, 0.0970299243927002, 0]
[[4, 7, 0, 0, 1, 1, 0, 4, 3, 5, 0, 2, 2, 3, 0], 1.0063522776429092, 0.11951708793640137, 0]
[[4, 7, 0, 0, 1, 1, 0, 4, 3, 5, 0, 4, 3, 5, 0], 1.1480890124269132, 0.10962963104248047, 0]
[[4, 7, 0, 0, 1, 1, 0, 4, 3, 5, 0, 6, 4, 7, 0], 1.1345448730336478, 0.10403275489807129, 0]
[[4, 7, 0, 0, 1, 1, 0, 6, 4, 7, 0, 0, 1, 1, 0], 1.4905075872893694, 0.09444904327392578, 0]
[[4, 7, 0, 0, 1, 1, 0, 6, 4, 7, 0, 2, 2, 3, 0], 1.264645344273152, 0.09788179397583008, 0]
[[4, 7, 0, 0, 1, 1, 0, 6, 4, 7, 0, 4, 3, 5, 0], 1.4831189070602522, 0.14643073081970215, 0]
[[4, 7, 0, 0, 1, 1, 0, 6, 4, 7, 0, 6, 4, 7, 0], 1.155310571716798, 0.11713743209838867, 0]
[[4, 7, 0, 2, 2, 3, 0, 0, 1, 1, 0, 0, 1, 1, 0], 1.1162936426381949, 0.09018945693969727, 0]
[[4, 7, 0, 2, 2, 3, 0, 0, 1, 1, 0, 2, 2, 3, 0], 1.1713544798338091, 0.09428215026855469, 0]
[[4, 7, 0, 2, 2, 3, 0, 0, 1, 1, 0, 4, 3, 5, 0], 1.3196285422464868, 0.09877800941467285, 0]
[[4, 7, 0, 2, 2, 3, 0, 0, 1, 1, 0, 6, 4, 7, 0], 1.6758063338233558, 0.09691333770751953, 0]
[[4, 7, 0, 2, 2, 3, 0, 2, 2, 3, 0, 0, 1, 1, 0], 1.1527421266519455, 0.09142732620239258, 0]
[[4, 7, 0, 2, 2, 3, 0, 2, 2, 3, 0, 2, 2, 3, 0], 1.1115467167978152, 0.09359359741210938, 0]
[[4, 7, 0, 2, 2, 3, 0, 2, 2, 3, 0, 4, 3, 5, 0], 1.3789506049018583, 0.10107040405273438, 0]
[[4, 7, 0, 2, 2, 3, 0, 2, 2, 3, 0, 6, 4, 7, 0], 1.1813109398534924, 0.09884762763977051, 0]
[[4, 7, 0, 2, 2, 3, 0, 4, 3, 5, 0, 0, 1, 1, 0], 1.5910116598832087, 0.11586594581604004, 0]
[[4, 7, 0, 2, 2, 3, 0, 4, 3, 5, 0, 2, 2, 3, 0], 1.1266960319761878, 0.10090470314025879, 0]
[[4, 7, 0, 2, 2, 3, 0, 4, 3, 5, 0, 4, 3, 5, 0], 1.1772101562157524, 0.10919976234436035, 0]
[[4, 7, 0, 2, 2, 3, 0, 4, 3, 5, 0, 6, 4, 7, 0], 1.6309878121990875, 0.12663888931274414, 0]
[[4, 7, 0, 2, 2, 3, 0, 6, 4, 7, 0, 0, 1, 1, 0], 1.3684144918451209, 0.15436863899230957, 0]
[[4, 7, 0, 2, 2, 3, 0, 6, 4, 7, 0, 2, 2, 3, 0], 1.1561948936778783, 0.13233327865600586, 0]
[[4, 7, 0, 2, 2, 3, 0, 6, 4, 7, 0, 4, 3, 5, 0], 1.524321553606124, 0.11567211151123047, 0]
[[4, 7, 0, 2, 2, 3, 0, 6, 4, 7, 0, 6, 4, 7, 0], 1.119028555063282, 0.1125333309173584, 0]
[[4, 7, 0, 4, 3, 5, 0, 0, 1, 1, 0, 0, 1, 1, 0], 1.132693537388193, 0.1042029857635498, 0]
[[4, 7, 0, 4, 3, 5, 0, 0, 1, 1, 0, 2, 2, 3, 0], 1.4406927395377849, 0.10706090927124023, 0]
[[4, 7, 0, 4, 3, 5, 0, 0, 1, 1, 0, 4, 3, 5, 0], 1.3117701744789236, 0.11590957641601562, 0]
[[4, 7, 0, 4, 3, 5, 0, 0, 1, 1, 0, 6, 4, 7, 0], 1.3510246206700514, 0.11298823356628418, 0]
[[4, 7, 0, 4, 3, 5, 0, 2, 2, 3, 0, 0, 1, 1, 0], 1.0396610214536721, 0.1341707706451416, 0]
[[4, 7, 0, 4, 3, 5, 0, 2, 2, 3, 0, 2, 2, 3, 0], 1.3959745402007682, 0.10773849487304688, 0]
[[4, 7, 0, 4, 3, 5, 0, 2, 2, 3, 0, 4, 3, 5, 0], 1.1516499057227167, 0.15777993202209473, 0]
[[4, 7, 0, 4, 3, 5, 0, 2, 2, 3, 0, 6, 4, 7, 0], 1.1240158892392138, 0.1129915714263916, 0]
[[4, 7, 0, 4, 3, 5, 0, 4, 3, 5, 0, 0, 1, 1, 0], 1.222327186416857, 0.11840629577636719, 0]
[[4, 7, 0, 4, 3, 5, 0, 4, 3, 5, 0, 2, 2, 3, 0], 1.0959043338322434, 0.11830377578735352, 0]
[[4, 7, 0, 4, 3, 5, 0, 4, 3, 5, 0, 4, 3, 5, 0], 1.3980257951805444, 0.19269394874572754, 0]
[[4, 7, 0, 4, 3, 5, 0, 4, 3, 5, 0, 6, 4, 7, 0], 1.3201532429981453, 0.1321110725402832, 0]
[[4, 7, 0, 4, 3, 5, 0, 6, 4, 7, 0, 0, 1, 1, 0], 1.6455852196311693, 0.1381065845489502, 0]
[[4, 7, 0, 4, 3, 5, 0, 6, 4, 7, 0, 2, 2, 3, 0], 1.2936675859363578, 0.14687132835388184, 0]
[[4, 7, 0, 4, 3, 5, 0, 6, 4, 7, 0, 4, 3, 5, 0], 1.0349953853728244, 0.1510307788848877, 0]
[[4, 7, 0, 4, 3, 5, 0, 6, 4, 7, 0, 6, 4, 7, 0], 1.23284961189197, 0.14551472663879395, 0]
[[4, 7, 0, 6, 4, 7, 0, 0, 1, 1, 0, 0, 1, 1, 0], 1.502520393499849, 0.11863827705383301, 0]
[[4, 7, 0, 6, 4, 7, 0, 0, 1, 1, 0, 2, 2, 3, 0], 1.5608928549134653, 0.09822726249694824, 0]
[[4, 7, 0, 6, 4, 7, 0, 0, 1, 1, 0, 4, 3, 5, 0], 1.0902890988672107, 0.13936567306518555, 0]
[[4, 7, 0, 6, 4, 7, 0, 0, 1, 1, 0, 6, 4, 7, 0], 1.2401980616876132, 0.1615457534790039, 0]
[[4, 7, 0, 6, 4, 7, 0, 2, 2, 3, 0, 0, 1, 1, 0], 1.0502492457102053, 0.10053181648254395, 0]
[[4, 7, 0, 6, 4, 7, 0, 2, 2, 3, 0, 2, 2, 3, 0], 1.2129885035173082, 0.15443754196166992, 0]
[[4, 7, 0, 6, 4, 7, 0, 2, 2, 3, 0, 4, 3, 5, 0], 1.080996703430578, 0.1323404312133789, 0]
[[4, 7, 0, 6, 4, 7, 0, 2, 2, 3, 0, 6, 4, 7, 0], 1.2807342568036149, 0.1369800567626953, 0]
[[4, 7, 0, 6, 4, 7, 0, 4, 3, 5, 0, 0, 1, 1, 0], 1.3180720951404858, 0.13331127166748047, 0]
[[4, 7, 0, 6, 4, 7, 0, 4, 3, 5, 0, 2, 2, 3, 0], 1.2882317439753268, 0.10626697540283203, 0]
[[4, 7, 0, 6, 4, 7, 0, 4, 3, 5, 0, 4, 3, 5, 0], 1.5260909387331534, 0.12504911422729492, 0]
[[4, 7, 0, 6, 4, 7, 0, 4, 3, 5, 0, 6, 4, 7, 0], 1.4354967032928048, 0.13295793533325195, 0]
[[4, 7, 0, 6, 4, 7, 0, 6, 4, 7, 0, 0, 1, 1, 0], 1.2417051978836255, 0.12243318557739258, 0]
[[4, 7, 0, 6, 4, 7, 0, 6, 4, 7, 0, 2, 2, 3, 0], 1.1479478814980015, 0.1233978271484375, 0]
[[4, 7, 0, 6, 4, 7, 0, 6, 4, 7, 0, 4, 3, 5, 0], 1.2076021560501293, 0.1377851963043213, 0]
[[4, 7, 0, 6, 4, 7, 0, 6, 4, 7, 0, 6, 4, 7, 0], 1.3432023566103932, 0.1229853630065918, 0]
