[[0, 0, 1, 1, 0, 0, 1, 1, 0, 0, 1, 1, 0, 0, 1], 3.714405140385962, 0.0003914833068847656, 0]
[[0, 0, 1, 1, 0, 0, 1, 1, 0, 0, 1, 1, 0, 2, 2], 1222.6969333957452, 0.00036644935607910156, 0]
[[0, 0, 1, 1, 0, 0, 1, 1, 0, 0, 1, 1, 0, 4, 3], 1473.7767467887982, 0.0005764961242675781, 0]
[[0, 0, 1, 1, 0, 0, 1, 1, 0, 0, 1, 1, 0, 6, 4], 345.4481005427774, 0.0006346702575683594, 0]
[[0, 0, 1, 1, 0, 0, 1, 1, 0, 2, 2, 3, 0, 0, 1], 29.715241123087697, 0.0004038810729980469, 0]
[[0, 0, 1, 1, 0, 0, 1, 1, 0, 2, 2, 3, 0, 2, 2], 1222.6969333957452, 0.0004057884216308594, 0]
[[0, 0, 1, 1, 0, 0, 1, 1, 0, 2, 2, 3, 0, 4, 3], 5813.775938918512, 0.0006337165832519531, 0]
[[0, 0, 1, 1, 0, 0, 1, 1, 0, 2, 2, 3, 0, 6, 4], 349.15552010349154, 0.0005927085876464844, 0]
[[0, 0, 1, 1, 0, 0, 1, 1, 0, 4, 3, 5, 0, 0, 1], 1.2682817615094568, 0.0007922649383544922, 0]
[[0, 0, 1, 1, 0, 0, 1, 1, 0, 4, 3, 5, 0, 2, 2], 61.07603953001108, 0.0007908344268798828, 0]
[[0, 0, 1, 1, 0, 0, 1, 1, 0, 4, 3, 5, 0, 4, 3], 228.75496461900752, 0.0010056495666503906, 0]
[[0, 0, 1, 1, 0, 0, 1, 1, 0, 4, 3, 5, 0, 6, 4], 14.868706231720699, 0.000978231430053711, 0]
[[0, 0, 1, 1, 0, 0, 1, 1, 0, 6, 4, 7, 0, 0, 1], 1.2682817615094568, 0.0008563995361328125, 0]
[[0, 0, 1, 1, 0, 0, 1, 1, 0, 6, 4, 7, 0, 2, 2], 63.731158515850204, 0.0008437633514404297, 0]
[[0, 0, 1, 1, 0, 0, 1, 1, 0, 6, 4, 7, 0, 4, 3], 249.5957701998891, 0.0010175704956054688, 0]
[[0, 0, 1, 1, 0, 0, 1, 1, 0, 6, 4, 7, 0, 6, 4], 14.90237202664141, 0.0010089874267578125, 0]
[[0, 0, 1, 1, 0, 2, 2, 3, 0, 0, 1, 1, 0, 0, 1], 29.715241123087697, 0.000392913818359375, 0]
[[0, 0, 1, 1, 0, 2, 2, 3, 0, 0, 1, 1, 0, 2, 2], 1493.1908664351567, 0.00042629241943359375, 0]
[[0, 0, 1, 1, 0, 2, 2, 3, 0, 0, 1, 1, 0, 4, 3], 5848.163118041119, 0.0006384849548339844, 0]
[[0, 0, 1, 1, 0, 2, 2, 3, 0, 0, 1, 1, 0, 6, 4], 349.15552010349154, 0.0006508827209472656, 0]
[[0, 0, 1, 1, 0, 2, 2, 3, 0, 2, 2, 3, 0, 0, 1], 29.715241123087697, 0.0004146099090576172, 0]
[[0, 0, 1, 1, 0, 2, 2, 3, 0, 2, 2, 3, 0, 2, 2], 1222.6969333957452, 0.0004353523254394531, 0]
[[0, 0, 1, 1, 0, 2, 2, 3, 0, 2, 2, 3, 0, 4, 3], 5813.775938918512, 0.0006210803985595703, 0]
[[0, 0, 1, 1, 0, 2, 2, 3, 0, 2, 2, 3, 0, 6, 4], 349.15552010349154, 0.0006122589111328125, 0]
[[0, 0, 1, 1, 0, 2, 2, 3, 0, 4, 3, 5, 0, 0, 1], 1.2682817615094568, 0.0007755756378173828, 0]
[[0, 0, 1, 1, 0, 2, 2, 3, 0, 4, 3, 5, 0, 2, 2], 63.731158515850204, 0.0007946491241455078, 0]
[[0, 0, 1, 1, 0, 2, 2, 3, 0, 4, 3, 5, 0, 4, 3], 249.34637101713633, 0.0009856224060058594, 0]
[[0, 0, 1, 1, 0, 2, 2, 3, 0, 4, 3, 5, 0, 6, 4], 14.90237202664141, 0.0010328292846679688, 0]
[[0, 0, 1, 1, 0, 2, 2, 3, 0, 6, 4, 7, 0, 0, 1], 1.2682817615094568, 0.0008709430694580078, 0]
[[0, 0, 1, 1, 0, 2, 2, 3, 0, 6, 4, 7, 0, 2, 2], 63.731158515850204, 0.0008573532104492188, 0]
[[0, 0, 1, 1, 0, 2, 2, 3, 0, 6, 4, 7, 0, 4, 3], 249.60654332974548, 0.0010306835174560547, 0]
[[0, 0, 1, 1, 0, 2, 2, 3, 0, 6, 4, 7, 0, 6, 4], 14.90237202664141, 0.0010538101196289062, 0]
[[0, 0, 1, 1, 0, 4, 3, 5, 0, 0, 1, 1, 0, 0, 1], 1.2682817615094564, 0.0008716583251953125, 0]
[[0, 0, 1, 1, 0, 4, 3, 5, 0, 0, 1, 1, 0, 2, 2], 63.73115851585018, 0.0008327960968017578, 0]
[[0, 0, 1, 1, 0, 4, 3, 5, 0, 0, 1, 1, 0, 4, 3], 249.60654332974548, 0.001018524169921875, 0]
[[0, 0, 1, 1, 0, 4, 3, 5, 0, 0, 1, 1, 0, 6, 4], 14.90237202664141, 0.0010743141174316406, 0]
[[0, 0, 1, 1, 0, 4, 3, 5, 0, 2, 2, 3, 0, 0, 1], 1.2682817615094564, 0.0007817745208740234, 0]
[[0, 0, 1, 1, 0, 4, 3, 5, 0, 2, 2, 3, 0, 2, 2], 61.07603953001106, 0.0008280277252197266, 0]
[[0, 0, 1, 1, 0, 4, 3, 5, 0, 2, 2, 3, 0, 4, 3], 249.59395958190046, 0.0010035037994384766, 0]
[[0, 0, 1, 1, 0, 4, 3, 5, 0, 2, 2, 3, 0, 6, 4], 14.90237202664141, 0.0010728836059570312, 0]
[[0, 0, 1, 1, 0, 4, 3, 5, 0, 4, 3, 5, 0, 0, 1], 18.473439575593222, 0.0011992454528808594, 0]
[[0, 0, 1, 1, 0, 4, 3, 5, 0, 4, 3, 5, 0, 2, 2], 2.720121490877606, 0.0012218952178955078, 0]
[[0, 0, 1, 1, 0, 4, 3, 5, 0, 4, 3, 5, 0, 4, 3], 10.263041152077724, 0.0015537738800048828, 0]
[[0, 0, 1, 1, 0, 4, 3, 5, 0, 4, 3, 5, 0, 6, 4], 1.5722011532248836, 0.0014109611511230469, 0]
[[0, 0, 1, 1, 0, 4, 3, 5, 0, 6, 4, 7, 0, 0, 1], 18.473439575593222, 0.0012023448944091797, 0]
[[0, 0, 1, 1, 0, 4, 3, 5, 0, 6, 4, 7, 0, 2, 2], 2.720121490877606, 0.0012018680572509766, 0]
[[0, 0, 1, 1, 0, 4, 3, 5, 0, 6, 4, 7, 0, 4, 3], 10.653503538713377, 0.0014483928680419922, 0]
[[0, 0, 1, 1, 0, 4, 3, 5, 0, 6, 4, 7, 0, 6, 4], 1.5722011532248836, 0.0014488697052001953, 0]
[[0, 0, 1, 1, 0, 6, 4, 7, 0, 0, 1, 1, 0, 0, 1], 1.2682817615094564, 0.0007941722869873047, 0]
[[0, 0, 1, 1, 0, 6, 4, 7, 0, 0, 1, 1, 0, 2, 2], 63.73115851585018, 0.0008032321929931641, 0]
[[0, 0, 1, 1, 0, 6, 4, 7, 0, 0, 1, 1, 0, 4, 3], 249.60654332974548, 0.0010905265808105469, 0]
[[0, 0, 1, 1, 0, 6, 4, 7, 0, 0, 1, 1, 0, 6, 4], 14.90237202664141, 0.0009899139404296875, 0]
[[0, 0, 1, 1, 0, 6, 4, 7, 0, 2, 2, 3, 0, 0, 1], 1.2682817615094564, 0.0008199214935302734, 0]
[[0, 0, 1, 1, 0, 6, 4, 7, 0, 2, 2, 3, 0, 2, 2], 63.73115851585018, 0.0008141994476318359, 0]
[[0, 0, 1, 1, 0, 6, 4, 7, 0, 2, 2, 3, 0, 4, 3], 249.60654332974548, 0.0010173320770263672, 0]
[[0, 0, 1, 1, 0, 6, 4, 7, 0, 2, 2, 3, 0, 6, 4], 14.90237202664141, 0.0009894371032714844, 0]
[[0, 0, 1, 1, 0, 6, 4, 7, 0, 4, 3, 5, 0, 0, 1], 18.473439575593222, 0.0012507438659667969, 0]
[[0, 0, 1, 1, 0, 6, 4, 7, 0, 4, 3, 5, 0, 2, 2], 2.720121490877606, 0.0012378692626953125, 0]
[[0, 0, 1, 1, 0, 6, 4, 7, 0, 4, 3, 5, 0, 4, 3], 10.653043728743988, 0.0014514923095703125, 0]
[[0, 0, 1, 1, 0, 6, 4, 7, 0, 4, 3, 5, 0, 6, 4], 1.5722011532248836, 0.0014691352844238281, 0]
[[0, 0, 1, 1, 0, 6, 4, 7, 0, 6, 4, 7, 0, 0, 1], 18.473439575593222, 0.0012450218200683594, 0]
[[0, 0, 1, 1, 0, 6, 4, 7, 0, 6, 4, 7, 0, 2, 2], 2.720121490877606, 0.0012314319610595703, 0]
[[0, 0, 1, 1, 0, 6, 4, 7, 0, 6, 4, 7, 0, 6, 4], 1.5722011532248836, 0.0014100074768066406, 0]
[[0, 2, 2, 3, 0, 0, 1, 1, 0, 0, 1, 1, 0, 0, 1], 28.888640722388203, 0.0003962516784667969, 0]
[[0, 2, 2, 3, 0, 0, 1, 1, 0, 0, 1, 1, 0, 2, 2], 1491.8486171890243, 0.00038743019104003906, 0]
[[0, 2, 2, 3, 0, 0, 1, 1, 0, 0, 1, 1, 0, 4, 3], 5771.255467068986, 0.0006124973297119141, 0]
[[0, 2, 2, 3, 0, 0, 1, 1, 0, 0, 1, 1, 0, 6, 4], 349.1482692486423, 0.0006322860717773438, 0]
[[0, 2, 2, 3, 0, 0, 1, 1, 0, 2, 2, 3, 0, 0, 1], 29.715241123087697, 0.0004146099090576172, 0]
[[0, 2, 2, 3, 0, 0, 1, 1, 0, 2, 2, 3, 0, 2, 2], 1491.8486171890243, 0.0004143714904785156, 0]
[[0, 2, 2, 3, 0, 0, 1, 1, 0, 2, 2, 3, 0, 4, 3], 5848.131903995243, 0.0006318092346191406, 0]
[[0, 2, 2, 3, 0, 0, 1, 1, 0, 2, 2, 3, 0, 6, 4], 349.15552010349154, 0.0006682872772216797, 0]
[[0, 2, 2, 3, 0, 0, 1, 1, 0, 4, 3, 5, 0, 0, 1], 1.2682817615094568, 0.0008366107940673828, 0]
[[0, 2, 2, 3, 0, 0, 1, 1, 0, 4, 3, 5, 0, 2, 2], 63.71042421170891, 0.0007815361022949219, 0]
[[0, 2, 2, 3, 0, 0, 1, 1, 0, 4, 3, 5, 0, 4, 3], 249.30056870361847, 0.0010068416595458984, 0]
[[0, 2, 2, 3, 0, 0, 1, 1, 0, 4, 3, 5, 0, 6, 4], 14.902333342254993, 0.0010025501251220703, 0]
[[0, 2, 2, 3, 0, 0, 1, 1, 0, 6, 4, 7, 0, 0, 1], 1.2682817615094568, 0.0007770061492919922, 0]
[[0, 2, 2, 3, 0, 0, 1, 1, 0, 6, 4, 7, 0, 2, 2], 63.731158515850204, 0.0007779598236083984, 0]
[[0, 2, 2, 3, 0, 0, 1, 1, 0, 6, 4, 7, 0, 4, 3], 249.60653861213737, 0.0010313987731933594, 0]
[[0, 2, 2, 3, 0, 0, 1, 1, 0, 6, 4, 7, 0, 6, 4], 14.90237202664141, 0.0010182857513427734, 0]
[[0, 2, 2, 3, 0, 2, 2, 3, 0, 0, 1, 1, 0, 0, 1], 28.888640722388203, 0.0004172325134277344, 0]
[[0, 2, 2, 3, 0, 2, 2, 3, 0, 0, 1, 1, 0, 2, 2], 1491.8486171890243, 0.00041675567626953125, 0]
[[0, 2, 2, 3, 0, 2, 2, 3, 0, 0, 1, 1, 0, 4, 3], 5771.255467068986, 0.0006320476531982422, 0]
[[0, 2, 2, 3, 0, 2, 2, 3, 0, 0, 1, 1, 0, 6, 4], 349.1482692486423, 0.0006220340728759766, 0]
[[0, 2, 2, 3, 0, 2, 2, 3, 0, 2, 2, 3, 0, 0, 1], 28.888640722388203, 0.0004057884216308594, 0]
[[0, 2, 2, 3, 0, 2, 2, 3, 0, 2, 2, 3, 0, 2, 2], 3.714405140385962, 0.00040531158447265625, 0]
[[0, 2, 2, 3, 0, 2, 2, 3, 0, 2, 2, 3, 0, 4, 3], 401.8567669242597, 0.0006563663482666016, 0]
[[0, 2, 2, 3, 0, 2, 2, 3, 0, 2, 2, 3, 0, 6, 4], 225.9077221085452, 0.0006496906280517578, 0]
[[0, 2, 2, 3, 0, 2, 2, 3, 0, 4, 3, 5, 0, 0, 1], 1.2660347840562596, 0.0007915496826171875, 0]
[[0, 2, 2, 3, 0, 2, 2, 3, 0, 4, 3, 5, 0, 2, 2], 56.6379713372241, 0.0008053779602050781, 0]
[[0, 2, 2, 3, 0, 2, 2, 3, 0, 4, 3, 5, 0, 4, 3], 210.5932028174488, 0.0009875297546386719, 0]
[[0, 2, 2, 3, 0, 2, 2, 3, 0, 4, 3, 5, 0, 6, 4], 14.863295135230404, 0.0009799003601074219, 0]
[[0, 2, 2, 3, 0, 2, 2, 3, 0, 6, 4, 7, 0, 0, 1], 1.2682817615094568, 0.0007770061492919922, 0]
[[0, 2, 2, 3, 0, 2, 2, 3, 0, 6, 4, 7, 0, 2, 2], 62.52030712319024, 0.0008227825164794922, 0]
[[0, 2, 2, 3, 0, 2, 2, 3, 0, 6, 4, 7, 0, 4, 3], 244.0553017991542, 0.0009860992431640625, 0]
[[0, 2, 2, 3, 0, 2, 2, 3, 0, 6, 4, 7, 0, 6, 4], 14.900468943534012, 0.001035451889038086, 0]
[[0, 2, 2, 3, 0, 4, 3, 5, 0, 0, 1, 1, 0, 0, 1], 1.2660347840562594, 0.0008106231689453125, 0]
[[0, 2, 2, 3, 0, 4, 3, 5, 0, 0, 1, 1, 0, 2, 2], 63.72619415712737, 0.0007810592651367188, 0]
[[0, 2, 2, 3, 0, 4, 3, 5, 0, 0, 1, 1, 0, 4, 3], 249.40607423468063, 0.000990152359008789, 0]
[[0, 2, 2, 3, 0, 4, 3, 5, 0, 0, 1, 1, 0, 6, 4], 14.902331455211753, 0.0010631084442138672, 0]
[[0, 2, 2, 3, 0, 4, 3, 5, 0, 2, 2, 3, 0, 0, 1], 1.2682817615094564, 0.0008337497711181641, 0]
[[0, 2, 2, 3, 0, 4, 3, 5, 0, 2, 2, 3, 0, 2, 2], 56.63797133722409, 0.0008130073547363281, 0]
[[0, 2, 2, 3, 0, 4, 3, 5, 0, 2, 2, 3, 0, 4, 3], 249.03203584593516, 0.0010385513305664062, 0]
[[0, 2, 2, 3, 0, 4, 3, 5, 0, 2, 2, 3, 0, 6, 4], 14.902299375476675, 0.0010657310485839844, 0]
[[0, 2, 2, 3, 0, 4, 3, 5, 0, 4, 3, 5, 0, 0, 1], 18.473439575593222, 0.001188516616821289, 0]
[[0, 2, 2, 3, 0, 4, 3, 5, 0, 4, 3, 5, 0, 2, 2], 2.7177322810833995, 0.0012488365173339844, 0]
[[0, 2, 2, 3, 0, 4, 3, 5, 0, 4, 3, 5, 0, 4, 3], 10.183261947775128, 0.0014879703521728516, 0]
[[0, 2, 2, 3, 0, 4, 3, 5, 0, 4, 3, 5, 0, 6, 4], 1.5722075239123405, 0.001405477523803711, 0]
[[0, 2, 2, 3, 0, 4, 3, 5, 0, 6, 4, 7, 0, 0, 1], 18.473439575593222, 0.001239776611328125, 0]
[[0, 2, 2, 3, 0, 4, 3, 5, 0, 6, 4, 7, 0, 2, 2], 2.7200969301829767, 0.0011754035949707031, 0]
[[0, 2, 2, 3, 0, 4, 3, 5, 0, 6, 4, 7, 0, 4, 3], 10.653402298368041, 0.0014007091522216797, 0]
[[0, 2, 2, 3, 0, 4, 3, 5, 0, 6, 4, 7, 0, 6, 4], 1.572201352308085, 0.0014088153839111328, 0]
[[0, 2, 2, 3, 0, 6, 4, 7, 0, 0, 1, 1, 0, 0, 1], 1.2682817615094564, 0.0007956027984619141, 0]
[[0, 2, 2, 3, 0, 6, 4, 7, 0, 0, 1, 1, 0, 2, 2], 63.73115851585018, 0.0008337497711181641, 0]
[[0, 2, 2, 3, 0, 6, 4, 7, 0, 0, 1, 1, 0, 4, 3], 249.60654332974548, 0.0009913444519042969, 0]
[[0, 2, 2, 3, 0, 6, 4, 7, 0, 0, 1, 1, 0, 6, 4], 14.90237202664141, 0.0009920597076416016, 0]
[[0, 2, 2, 3, 0, 6, 4, 7, 0, 2, 2, 3, 0, 0, 1], 1.2682817615094564, 0.0007884502410888672, 0]
[[0, 2, 2, 3, 0, 6, 4, 7, 0, 2, 2, 3, 0, 2, 2], 62.52030712319023, 0.0007774829864501953, 0]
[[0, 2, 2, 3, 0, 6, 4, 7, 0, 2, 2, 3, 0, 4, 3], 249.5865708640948, 0.0010328292846679688, 0]
[[0, 2, 2, 3, 0, 6, 4, 7, 0, 2, 2, 3, 0, 6, 4], 14.90237108311979, 0.0009679794311523438, 0]
[[0, 2, 2, 3, 0, 6, 4, 7, 0, 4, 3, 5, 0, 0, 1], 18.473439575593222, 0.0011851787567138672, 0]
[[0, 2, 2, 3, 0, 6, 4, 7, 0, 4, 3, 5, 0, 2, 2], 2.719984067943371, 0.0012745857238769531, 0]
[[0, 2, 2, 3, 0, 6, 4, 7, 0, 4, 3, 5, 0, 4, 3], 10.52656582446568, 0.0014181137084960938, 0]
[[0, 2, 2, 3, 0, 6, 4, 7, 0, 4, 3, 5, 0, 6, 4], 1.5722011532248836, 0.0014367103576660156, 0]
[[0, 2, 2, 3, 0, 6, 4, 7, 0, 6, 4, 7, 0, 0, 1], 18.473439575593222, 0.0012297630310058594, 0]
[[0, 2, 2, 3, 0, 6, 4, 7, 0, 6, 4, 7, 0, 2, 2], 2.720121490877606, 0.0011954307556152344, 0]
[[0, 2, 2, 3, 0, 6, 4, 7, 0, 6, 4, 7, 0, 4, 3], 10.65350329708964, 0.0014126300811767578, 0]
[[0, 2, 2, 3, 0, 6, 4, 7, 0, 6, 4, 7, 0, 6, 4], 1.5722011532248836, 0.0014202594757080078, 0]
[[0, 4, 3, 5, 0, 0, 1, 1, 0, 0, 1, 1, 0, 0, 1], 1.7440544861620209, 0.0007846355438232422, 0]
[[0, 4, 3, 5, 0, 0, 1, 1, 0, 0, 1, 1, 0, 2, 2], 59.84399256344808, 0.0007870197296142578, 0]
[[0, 4, 3, 5, 0, 0, 1, 1, 0, 0, 1, 1, 0, 4, 3], 150.11761092691196, 0.0010242462158203125, 0]
[[0, 4, 3, 5, 0, 0, 1, 1, 0, 0, 1, 1, 0, 6, 4], 14.851959666488568, 0.0011248588562011719, 0]
[[0, 4, 3, 5, 0, 0, 1, 1, 0, 2, 2, 3, 0, 0, 1], 1.2682817615094564, 0.0007958412170410156, 0]
[[0, 4, 3, 5, 0, 0, 1, 1, 0, 2, 2, 3, 0, 2, 2], 59.84399256344808, 0.0007853507995605469, 0]
[[0, 4, 3, 5, 0, 0, 1, 1, 0, 2, 2, 3, 0, 4, 3], 249.3721367055334, 0.0009860992431640625, 0]
[[0, 4, 3, 5, 0, 0, 1, 1, 0, 2, 2, 3, 0, 6, 4], 14.90237202664141, 0.0009632110595703125, 0]
[[0, 4, 3, 5, 0, 0, 1, 1, 0, 4, 3, 5, 0, 0, 1], 18.473439575593222, 0.0012357234954833984, 0]
[[0, 4, 3, 5, 0, 0, 1, 1, 0, 4, 3, 5, 0, 4, 3], 10.237728005176463, 0.0014183521270751953, 0]
[[0, 4, 3, 5, 0, 0, 1, 1, 0, 4, 3, 5, 0, 6, 4], 1.5731875320258493, 0.0014007091522216797, 0]
[[0, 4, 3, 5, 0, 0, 1, 1, 0, 6, 4, 7, 0, 0, 1], 18.473439575593222, 0.0012428760528564453, 0]
[[0, 4, 3, 5, 0, 0, 1, 1, 0, 6, 4, 7, 0, 2, 2], 2.720121490877606, 0.001268148422241211, 0]
[[0, 4, 3, 5, 0, 0, 1, 1, 0, 6, 4, 7, 0, 4, 3], 10.653416916604062, 0.0014052391052246094, 0]
[[0, 4, 3, 5, 0, 0, 1, 1, 0, 6, 4, 7, 0, 6, 4], 1.5722011532248836, 0.0015034675598144531, 0]
[[0, 4, 3, 5, 0, 2, 2, 3, 0, 0, 1, 1, 0, 0, 1], 1.2677930895836595, 0.0008509159088134766, 0]
[[0, 4, 3, 5, 0, 2, 2, 3, 0, 0, 1, 1, 0, 2, 2], 63.73075661744392, 0.0008394718170166016, 0]
[[0, 4, 3, 5, 0, 2, 2, 3, 0, 0, 1, 1, 0, 4, 3], 249.56623702966368, 0.0010344982147216797, 0]
[[0, 4, 3, 5, 0, 2, 2, 3, 0, 0, 1, 1, 0, 6, 4], 14.90237202664141, 0.0010089874267578125, 0]
[[0, 4, 3, 5, 0, 2, 2, 3, 0, 2, 2, 3, 0, 0, 1], 1.2677930895836595, 0.0008449554443359375, 0]
[[0, 4, 3, 5, 0, 2, 2, 3, 0, 2, 2, 3, 0, 2, 2], 8.25360032130006, 0.0008497238159179688, 0]
[[0, 4, 3, 5, 0, 2, 2, 3, 0, 2, 2, 3, 0, 4, 3], 176.17253398949748, 0.0009655952453613281, 0]
[[0, 4, 3, 5, 0, 2, 2, 3, 0, 2, 2, 3, 0, 6, 4], 14.777927186102406, 0.0009665489196777344, 0]
[[0, 4, 3, 5, 0, 2, 2, 3, 0, 4, 3, 5, 0, 0, 1], 18.473439575593222, 0.0013530254364013672, 0]
[[0, 4, 3, 5, 0, 2, 2, 3, 0, 4, 3, 5, 0, 2, 2], 2.7135136893916143, 0.0012059211730957031, 0]
[[0, 4, 3, 5, 0, 2, 2, 3, 0, 4, 3, 5, 0, 4, 3], 10.331509909032926, 0.0013561248779296875, 0]
[[0, 4, 3, 5, 0, 2, 2, 3, 0, 4, 3, 5, 0, 6, 4], 1.5722656588204955, 0.001390695571899414, 0]
[[0, 4, 3, 5, 0, 2, 2, 3, 0, 6, 4, 7, 0, 0, 1], 18.473439575593222, 0.0011785030364990234, 0]
[[0, 4, 3, 5, 0, 2, 2, 3, 0, 6, 4, 7, 0, 2, 2], 2.719650354378251, 0.0012078285217285156, 0]
[[0, 4, 3, 5, 0, 2, 2, 3, 0, 6, 4, 7, 0, 4, 3], 10.651100469848133, 0.001394510269165039, 0]
[[0, 4, 3, 5, 0, 2, 2, 3, 0, 6, 4, 7, 0, 6, 4], 1.5722029449755126, 0.0014410018920898438, 0]
[[0, 4, 3, 5, 0, 4, 3, 5, 0, 0, 1, 1, 0, 0, 1], 18.74684113479262, 0.0012142658233642578, 0]
[[0, 4, 3, 5, 0, 4, 3, 5, 0, 0, 1, 1, 0, 2, 2], 2.7134047256749656, 0.0012443065643310547, 0]
[[0, 4, 3, 5, 0, 4, 3, 5, 0, 0, 1, 1, 0, 4, 3], 10.533542709839354, 0.0014460086822509766, 0]
[[0, 4, 3, 5, 0, 4, 3, 5, 0, 0, 1, 1, 0, 6, 4], 1.572423660160434, 0.001417398452758789, 0]
[[0, 4, 3, 5, 0, 4, 3, 5, 0, 2, 2, 3, 0, 0, 1], 18.47962819881251, 0.0012137889862060547, 0]
[[0, 4, 3, 5, 0, 4, 3, 5, 0, 2, 2, 3, 0, 2, 2], 2.4600718815129854, 0.0012056827545166016, 0]
[[0, 4, 3, 5, 0, 4, 3, 5, 0, 2, 2, 3, 0, 4, 3], 10.510143021573187, 0.0014672279357910156, 0]
[[0, 4, 3, 5, 0, 4, 3, 5, 0, 2, 2, 3, 0, 6, 4], 1.5772508396620957, 0.001428365707397461, 0]
[[0, 4, 3, 5, 0, 4, 3, 5, 0, 4, 3, 5, 0, 0, 1], 437.1592651050303, 0.001583099365234375, 0]
[[0, 4, 3, 5, 0, 4, 3, 5, 0, 4, 3, 5, 0, 2, 2], 8.72199303199711, 0.0016396045684814453, 0]
[[0, 4, 3, 5, 0, 4, 3, 5, 0, 4, 3, 5, 0, 4, 3], 2.3290461703937413, 0.0018532276153564453, 0]
[[0, 4, 3, 5, 0, 4, 3, 5, 0, 4, 3, 5, 0, 6, 4], 37.2604563552624, 0.001909017562866211, 0]
[[0, 4, 3, 5, 0, 4, 3, 5, 0, 6, 4, 7, 0, 0, 1], 432.830176235607, 0.0016613006591796875, 0]
[[0, 4, 3, 5, 0, 4, 3, 5, 0, 6, 4, 7, 0, 2, 2], 8.678304598819134, 0.0016465187072753906, 0]
[[0, 4, 3, 5, 0, 4, 3, 5, 0, 6, 4, 7, 0, 4, 3], 2.2110383054853844, 0.0018377304077148438, 0]
[[0, 4, 3, 5, 0, 4, 3, 5, 0, 6, 4, 7, 0, 6, 4], 36.84133542248676, 0.0017938613891601562, 0]
[[0, 4, 3, 5, 0, 6, 4, 7, 0, 0, 1, 1, 0, 0, 1], 18.473705667628877, 0.0012526512145996094, 0]
[[0, 4, 3, 5, 0, 6, 4, 7, 0, 0, 1, 1, 0, 2, 2], 2.720120711173015, 0.0012240409851074219, 0]
[[0, 4, 3, 5, 0, 6, 4, 7, 0, 0, 1, 1, 0, 4, 3], 10.653475228465654, 0.0014171600341796875, 0]
[[0, 4, 3, 5, 0, 6, 4, 7, 0, 0, 1, 1, 0, 6, 4], 1.5722011532248839, 0.0014429092407226562, 0]
[[0, 4, 3, 5, 0, 6, 4, 7, 0, 2, 2, 3, 0, 0, 1], 18.473439575593222, 0.0012040138244628906, 0]
[[0, 4, 3, 5, 0, 6, 4, 7, 0, 2, 2, 3, 0, 2, 2], 2.6747313779413813, 0.0011947154998779297, 0]
[[0, 4, 3, 5, 0, 6, 4, 7, 0, 2, 2, 3, 0, 4, 3], 10.645460327522617, 0.0013892650604248047, 0]
[[0, 4, 3, 5, 0, 6, 4, 7, 0, 2, 2, 3, 0, 6, 4], 1.5722055330669644, 0.0014181137084960938, 0]
[[0, 4, 3, 5, 0, 6, 4, 7, 0, 4, 3, 5, 0, 0, 1], 432.82394182520983, 0.0016911029815673828, 0]
[[0, 4, 3, 5, 0, 6, 4, 7, 0, 4, 3, 5, 0, 2, 2], 8.614314283171048, 0.0016176700592041016, 0]
[[0, 4, 3, 5, 0, 6, 4, 7, 0, 4, 3, 5, 0, 4, 3], 2.210362256882227, 0.0018410682678222656, 0]
[[0, 4, 3, 5, 0, 6, 4, 7, 0, 4, 3, 5, 0, 6, 4], 36.83593555755332, 0.0018396377563476562, 0]
[[0, 4, 3, 5, 0, 6, 4, 7, 0, 6, 4, 7, 0, 0, 1], 432.82394182520983, 0.0016732215881347656, 0]
[[0, 4, 3, 5, 0, 6, 4, 7, 0, 6, 4, 7, 0, 2, 2], 8.613415481082829, 0.0015914440155029297, 0]
[[0, 4, 3, 5, 0, 6, 4, 7, 0, 6, 4, 7, 0, 4, 3], 2.1992330780539797, 0.001814126968383789, 0]
[[0, 4, 3, 5, 0, 6, 4, 7, 0, 6, 4, 7, 0, 6, 4], 36.835928560915164, 0.0018591880798339844, 0]
[[0, 6, 4, 7, 0, 0, 1, 1, 0, 2, 2, 3, 0, 0, 1], 1.2682817615094564, 0.000812530517578125, 0]
[[0, 6, 4, 7, 0, 0, 1, 1, 0, 2, 2, 3, 0, 2, 2], 63.73081598879939, 0.0007748603820800781, 0]
[[0, 6, 4, 7, 0, 0, 1, 1, 0, 2, 2, 3, 0, 4, 3], 249.606539555659, 0.0009944438934326172, 0]
[[0, 6, 4, 7, 0, 0, 1, 1, 0, 2, 2, 3, 0, 6, 4], 14.90237202664141, 0.0010197162628173828, 0]
[[0, 6, 4, 7, 0, 0, 1, 1, 0, 4, 3, 5, 0, 0, 1], 18.473439575593222, 0.0011882781982421875, 0]
[[0, 6, 4, 7, 0, 0, 1, 1, 0, 4, 3, 5, 0, 2, 2], 2.720113498905544, 0.001199960708618164, 0]
[[0, 6, 4, 7, 0, 0, 1, 1, 0, 4, 3, 5, 0, 4, 3], 10.653390217181247, 0.0013904571533203125, 0]
[[0, 6, 4, 7, 0, 0, 1, 1, 0, 4, 3, 5, 0, 6, 4], 1.5722011532248836, 0.0013775825500488281, 0]
[[0, 6, 4, 7, 0, 0, 1, 1, 0, 6, 4, 7, 0, 0, 1], 18.473439575593222, 0.0012409687042236328, 0]
[[0, 6, 4, 7, 0, 0, 1, 1, 0, 6, 4, 7, 0, 2, 2], 2.720121490877606, 0.0012972354888916016, 0]
[[0, 6, 4, 7, 0, 0, 1, 1, 0, 6, 4, 7, 0, 4, 3], 10.653503538713377, 0.0014607906341552734, 0]
[[0, 6, 4, 7, 0, 0, 1, 1, 0, 6, 4, 7, 0, 6, 4], 1.5722011532248836, 0.0014629364013671875, 0]
[[0, 6, 4, 7, 0, 2, 2, 3, 0, 0, 1, 1, 0, 0, 1], 1.2682817615094564, 0.0007789134979248047, 0]
[[0, 6, 4, 7, 0, 2, 2, 3, 0, 0, 1, 1, 0, 2, 2], 63.73115851585018, 0.0007836818695068359, 0]
[[0, 6, 4, 7, 0, 2, 2, 3, 0, 0, 1, 1, 0, 4, 3], 249.60654332974548, 0.0009739398956298828, 0]
[[0, 6, 4, 7, 0, 2, 2, 3, 0, 0, 1, 1, 0, 6, 4], 14.90237202664141, 0.0009682178497314453, 0]
[[0, 6, 4, 7, 0, 2, 2, 3, 0, 2, 2, 3, 0, 0, 1], 1.2682817615094564, 0.0007698535919189453, 0]
[[0, 6, 4, 7, 0, 2, 2, 3, 0, 2, 2, 3, 0, 2, 2], 28.98141928376221, 0.0008237361907958984, 0]
[[0, 6, 4, 7, 0, 2, 2, 3, 0, 2, 2, 3, 0, 4, 3], 240.1110030756786, 0.0009860992431640625, 0]
[[0, 6, 4, 7, 0, 2, 2, 3, 0, 2, 2, 3, 0, 6, 4], 14.900985993381733, 0.0009963512420654297, 0]
[[0, 6, 4, 7, 0, 2, 2, 3, 0, 4, 3, 5, 0, 0, 1], 18.473439575593222, 0.001169443130493164, 0]
[[0, 6, 4, 7, 0, 2, 2, 3, 0, 4, 3, 5, 0, 2, 2], 2.720113498905544, 0.001196146011352539, 0]
[[0, 6, 4, 7, 0, 2, 2, 3, 0, 4, 3, 5, 0, 4, 3], 10.577703071928351, 0.0014162063598632812, 0]
[[0, 6, 4, 7, 0, 2, 2, 3, 0, 4, 3, 5, 0, 6, 4], 1.5722011532248836, 0.001415252685546875, 0]
[[0, 6, 4, 7, 0, 2, 2, 3, 0, 6, 4, 7, 0, 0, 1], 18.473439575593222, 0.0012102127075195312, 0]
[[0, 6, 4, 7, 0, 2, 2, 3, 0, 6, 4, 7, 0, 2, 2], 2.720121490877606, 0.0012531280517578125, 0]
[[0, 6, 4, 7, 0, 2, 2, 3, 0, 6, 4, 7, 0, 4, 3], 10.653503538713377, 0.0013794898986816406, 0]
[[0, 6, 4, 7, 0, 2, 2, 3, 0, 6, 4, 7, 0, 6, 4], 1.5722011532248836, 0.0014219284057617188, 0]
[[0, 6, 4, 7, 0, 4, 3, 5, 0, 0, 1, 1, 0, 0, 1], 18.473639143901316, 0.0012063980102539062, 0]
[[0, 6, 4, 7, 0, 4, 3, 5, 0, 0, 1, 1, 0, 2, 2], 2.7201199314684232, 0.0012195110321044922, 0]
[[0, 6, 4, 7, 0, 4, 3, 5, 0, 0, 1, 1, 0, 4, 3], 10.653433709453704, 0.0014133453369140625, 0]
[[0, 6, 4, 7, 0, 4, 3, 5, 0, 0, 1, 1, 0, 6, 4], 1.5722011532248839, 0.001504659652709961, 0]
[[0, 6, 4, 7, 0, 4, 3, 5, 0, 2, 2, 3, 0, 0, 1], 18.473439575593222, 0.001207590103149414, 0]
[[0, 6, 4, 7, 0, 4, 3, 5, 0, 2, 2, 3, 0, 2, 2], 2.7079044945610615, 0.0012874603271484375, 0]
[[0, 6, 4, 7, 0, 4, 3, 5, 0, 2, 2, 3, 0, 4, 3], 10.653427829942798, 0.0014209747314453125, 0]
[[0, 6, 4, 7, 0, 4, 3, 5, 0, 2, 2, 3, 0, 6, 4], 1.5722011532248839, 0.0013957023620605469, 0]
[[0, 6, 4, 7, 0, 4, 3, 5, 0, 4, 3, 5, 0, 0, 1], 432.82394182520983, 0.0016024112701416016, 0]
[[0, 6, 4, 7, 0, 4, 3, 5, 0, 4, 3, 5, 0, 2, 2], 8.613429060488025, 0.0016226768493652344, 0]
[[0, 6, 4, 7, 0, 4, 3, 5, 0, 4, 3, 5, 0, 4, 3], 2.2972478087918144, 0.0018219947814941406, 0]
[[0, 6, 4, 7, 0, 4, 3, 5, 0, 4, 3, 5, 0, 6, 4], 36.835928560915164, 0.0018229484558105469, 0]
[[0, 6, 4, 7, 0, 4, 3, 5, 0, 6, 4, 7, 0, 0, 1], 432.82394182520983, 0.0016224384307861328, 0]
[[0, 6, 4, 7, 0, 4, 3, 5, 0, 6, 4, 7, 0, 2, 2], 8.613411777616117, 0.0016088485717773438, 0]
[[0, 6, 4, 7, 0, 4, 3, 5, 0, 6, 4, 7, 0, 4, 3], 2.1992320804724486, 0.0018508434295654297, 0]
[[0, 6, 4, 7, 0, 4, 3, 5, 0, 6, 4, 7, 0, 6, 4], 36.835928560915164, 0.001804351806640625, 0]
[[0, 6, 4, 7, 0, 6, 4, 7, 0, 0, 1, 1, 0, 0, 1], 18.473439575593222, 0.00118255615234375, 0]
[[0, 6, 4, 7, 0, 6, 4, 7, 0, 0, 1, 1, 0, 2, 2], 2.720121490877606, 0.001199483871459961, 0]
[[0, 6, 4, 7, 0, 6, 4, 7, 0, 0, 1, 1, 0, 4, 3], 10.653503538713375, 0.0014085769653320312, 0]
[[0, 6, 4, 7, 0, 6, 4, 7, 0, 0, 1, 1, 0, 6, 4], 1.5722011532248839, 0.0014309883117675781, 0]
[[0, 6, 4, 7, 0, 6, 4, 7, 0, 2, 2, 3, 0, 0, 1], 18.473439575593222, 0.00127410888671875, 0]
[[0, 6, 4, 7, 0, 6, 4, 7, 0, 2, 2, 3, 0, 2, 2], 2.7200834802787752, 0.0012204647064208984, 0]
[[0, 6, 4, 7, 0, 6, 4, 7, 0, 2, 2, 3, 0, 4, 3], 10.653503498442753, 0.0014226436614990234, 0]
[[0, 6, 4, 7, 0, 6, 4, 7, 0, 2, 2, 3, 0, 6, 4], 1.5722011532248839, 0.001483917236328125, 0]
[[0, 6, 4, 7, 0, 6, 4, 7, 0, 4, 3, 5, 0, 0, 1], 432.82394182520983, 0.0016758441925048828, 0]
[[0, 6, 4, 7, 0, 6, 4, 7, 0, 4, 3, 5, 0, 2, 2], 8.613411777616117, 0.0016658306121826172, 0]
[[0, 6, 4, 7, 0, 6, 4, 7, 0, 4, 3, 5, 0, 4, 3], 2.1992727326528194, 0.0018153190612792969, 0]
[[0, 6, 4, 7, 0, 6, 4, 7, 0, 4, 3, 5, 0, 6, 4], 36.835928560915164, 0.001783132553100586, 0]
[[0, 6, 4, 7, 0, 6, 4, 7, 0, 6, 4, 7, 0, 0, 1], 432.82394182520983, 0.0015606880187988281, 0]
[[0, 6, 4, 7, 0, 6, 4, 7, 0, 6, 4, 7, 0, 2, 2], 8.613411777616117, 0.0016398429870605469, 0]
[[0, 6, 4, 7, 0, 6, 4, 7, 0, 6, 4, 7, 0, 4, 3], 2.199232055532922, 0.0018146038055419922, 0]
[[0, 6, 4, 7, 0, 6, 4, 7, 0, 6, 4, 7, 0, 6, 4], 36.835928560915164, 0.0018787384033203125, 0]
[[1, 1, 0, 0, 1, 1, 0, 0, 1, 1, 0, 0, 1, 1, 0], 3.714405140385962, 0.0003757476806640625, 0]
[[1, 1, 0, 0, 1, 1, 0, 0, 1, 1, 0, 2, 2, 3, 0], 28.888640722388203, 0.0003879070281982422, 0]
[[1, 1, 0, 0, 1, 1, 0, 0, 1, 1, 0, 4, 3, 5, 0], 1.7440544861620209, 0.0008213520050048828, 0]
[[1, 1, 0, 0, 1, 1, 0, 0, 1, 1, 0, 6, 4, 7, 0], 1.2678935641852251, 0.0007698535919189453, 0]
[[1, 1, 0, 0, 1, 1, 0, 2, 2, 3, 0, 0, 1, 1, 0], 29.715241123087697, 0.0003833770751953125, 0]
[[1, 1, 0, 0, 1, 1, 0, 2, 2, 3, 0, 2, 2, 3, 0], 28.888640722388203, 0.0003840923309326172, 0]
[[1, 1, 0, 0, 1, 1, 0, 2, 2, 3, 0, 4, 3, 5, 0], 1.2677930895836595, 0.0007646083831787109, 0]
[[1, 1, 0, 0, 1, 1, 0, 2, 2, 3, 0, 6, 4, 7, 0], 1.2682817615094564, 0.0008146762847900391, 0]
[[1, 1, 0, 0, 1, 1, 0, 4, 3, 5, 0, 0, 1, 1, 0], 1.2682817615094568, 0.0007650852203369141, 0]
[[1, 1, 0, 0, 1, 1, 0, 4, 3, 5, 0, 2, 2, 3, 0], 1.2660347840562596, 0.0007715225219726562, 0]
[[1, 1, 0, 0, 1, 1, 0, 4, 3, 5, 0, 4, 3, 5, 0], 18.746841134792618, 0.0012013912200927734, 0]
[[1, 1, 0, 0, 1, 1, 0, 4, 3, 5, 0, 6, 4, 7, 0], 18.473639143901313, 0.0011835098266601562, 0]
[[1, 1, 0, 0, 1, 1, 0, 6, 4, 7, 0, 0, 1, 1, 0], 1.2682817615094568, 0.0008034706115722656, 0]
[[1, 1, 0, 0, 1, 1, 0, 6, 4, 7, 0, 2, 2, 3, 0], 1.2682817615094568, 0.0007641315460205078, 0]
[[1, 1, 0, 0, 1, 1, 0, 6, 4, 7, 0, 4, 3, 5, 0], 18.473705667628874, 0.00118255615234375, 0]
[[1, 1, 0, 0, 1, 1, 0, 6, 4, 7, 0, 6, 4, 7, 0], 18.47343957559322, 0.0011670589447021484, 0]
[[1, 1, 0, 2, 2, 3, 0, 0, 1, 1, 0, 0, 1, 1, 0], 29.715241123087697, 0.00037288665771484375, 0]
[[1, 1, 0, 2, 2, 3, 0, 0, 1, 1, 0, 2, 2, 3, 0], 29.715241123087697, 0.0004029273986816406, 0]
[[1, 1, 0, 2, 2, 3, 0, 0, 1, 1, 0, 4, 3, 5, 0], 1.2682817615094564, 0.0008227825164794922, 0]
[[1, 1, 0, 2, 2, 3, 0, 0, 1, 1, 0, 6, 4, 7, 0], 1.2682817615094564, 0.0007805824279785156, 0]
[[1, 1, 0, 2, 2, 3, 0, 2, 2, 3, 0, 0, 1, 1, 0], 29.715241123087697, 0.0003781318664550781, 0]
[[1, 1, 0, 2, 2, 3, 0, 2, 2, 3, 0, 2, 2, 3, 0], 28.888640722388203, 0.0003838539123535156, 0]
[[1, 1, 0, 2, 2, 3, 0, 2, 2, 3, 0, 4, 3, 5, 0], 1.2677930895836595, 0.0007755756378173828, 0]
[[1, 1, 0, 2, 2, 3, 0, 2, 2, 3, 0, 6, 4, 7, 0], 1.2682817615094564, 0.0008106231689453125, 0]
[[1, 1, 0, 2, 2, 3, 0, 4, 3, 5, 0, 0, 1, 1, 0], 1.2682817615094568, 0.0008294582366943359, 0]
[[1, 1, 0, 2, 2, 3, 0, 4, 3, 5, 0, 2, 2, 3, 0], 1.2682817615094568, 0.0008082389831542969, 0]
[[1, 1, 0, 2, 2, 3, 0, 4, 3, 5, 0, 4, 3, 5, 0], 18.479628198812506, 0.0012011528015136719, 0]
[[1, 1, 0, 2, 2, 3, 0, 4, 3, 5, 0, 6, 4, 7, 0], 18.47343957559322, 0.0012404918670654297, 0]
[[1, 1, 0, 2, 2, 3, 0, 6, 4, 7, 0, 0, 1, 1, 0], 1.2682817615094568, 0.0007770061492919922, 0]
[[1, 1, 0, 2, 2, 3, 0, 6, 4, 7, 0, 2, 2, 3, 0], 1.2682817615094568, 0.0007791519165039062, 0]
[[1, 1, 0, 2, 2, 3, 0, 6, 4, 7, 0, 4, 3, 5, 0], 18.47343957559322, 0.0012025833129882812, 0]
[[1, 1, 0, 2, 2, 3, 0, 6, 4, 7, 0, 6, 4, 7, 0], 18.47343957559322, 0.0012030601501464844, 0]
[[1, 1, 0, 4, 3, 5, 0, 0, 1, 1, 0, 0, 1, 1, 0], 1.2682817615094564, 0.0008261203765869141, 0]
[[1, 1, 0, 4, 3, 5, 0, 0, 1, 1, 0, 2, 2, 3, 0], 1.2682817615094564, 0.000827789306640625, 0]
[[1, 1, 0, 4, 3, 5, 0, 0, 1, 1, 0, 4, 3, 5, 0], 18.473439575593222, 0.0011892318725585938, 0]
[[1, 1, 0, 4, 3, 5, 0, 0, 1, 1, 0, 6, 4, 7, 0], 18.473439575593222, 0.0012118816375732422, 0]
[[1, 1, 0, 4, 3, 5, 0, 2, 2, 3, 0, 0, 1, 1, 0], 1.2682817615094564, 0.00078582763671875, 0]
[[1, 1, 0, 4, 3, 5, 0, 2, 2, 3, 0, 2, 2, 3, 0], 1.2660347840562594, 0.0008599758148193359, 0]
[[1, 1, 0, 4, 3, 5, 0, 2, 2, 3, 0, 4, 3, 5, 0], 18.473439575593222, 0.0014231204986572266, 0]
[[1, 1, 0, 4, 3, 5, 0, 2, 2, 3, 0, 6, 4, 7, 0], 18.473439575593222, 0.0012922286987304688, 0]
[[1, 1, 0, 4, 3, 5, 0, 4, 3, 5, 0, 0, 1, 1, 0], 18.47343957559322, 0.001287698745727539, 0]
[[1, 1, 0, 4, 3, 5, 0, 4, 3, 5, 0, 2, 2, 3, 0], 18.47343957559322, 0.001280069351196289, 0]
[[1, 1, 0, 4, 3, 5, 0, 4, 3, 5, 0, 4, 3, 5, 0], 437.15926510503004, 0.0016863346099853516, 0]
[[1, 1, 0, 4, 3, 5, 0, 4, 3, 5, 0, 6, 4, 7, 0], 432.8239418252096, 0.001676797866821289, 0]
[[1, 1, 0, 4, 3, 5, 0, 6, 4, 7, 0, 0, 1, 1, 0], 18.47343957559322, 0.0012831687927246094, 0]
[[1, 1, 0, 4, 3, 5, 0, 6, 4, 7, 0, 2, 2, 3, 0], 18.47343957559322, 0.0012412071228027344, 0]
[[1, 1, 0, 4, 3, 5, 0, 6, 4, 7, 0, 4, 3, 5, 0], 432.8239418252096, 0.0017445087432861328, 0]
[[1, 1, 0, 4, 3, 5, 0, 6, 4, 7, 0, 6, 4, 7, 0], 432.8239418252096, 0.0017604827880859375, 0]
[[1, 1, 0, 6, 4, 7, 0, 0, 1, 1, 0, 0, 1, 1, 0], 1.2682817615094564, 0.0008165836334228516, 0]
[[1, 1, 0, 6, 4, 7, 0, 0, 1, 1, 0, 2, 2, 3, 0], 1.2682817615094564, 0.0008149147033691406, 0]
[[1, 1, 0, 6, 4, 7, 0, 0, 1, 1, 0, 4, 3, 5, 0], 18.473439575593222, 0.0012288093566894531, 0]
[[1, 1, 0, 6, 4, 7, 0, 0, 1, 1, 0, 6, 4, 7, 0], 18.473439575593222, 0.0012352466583251953, 0]
[[1, 1, 0, 6, 4, 7, 0, 2, 2, 3, 0, 0, 1, 1, 0], 1.2682817615094564, 0.0008580684661865234, 0]
[[1, 1, 0, 6, 4, 7, 0, 2, 2, 3, 0, 2, 2, 3, 0], 1.2682817615094564, 0.0008792877197265625, 0]
[[1, 1, 0, 6, 4, 7, 0, 2, 2, 3, 0, 4, 3, 5, 0], 18.473439575593222, 0.0012199878692626953, 0]
[[1, 1, 0, 6, 4, 7, 0, 2, 2, 3, 0, 6, 4, 7, 0], 18.473439575593222, 0.0012271404266357422, 0]
[[1, 1, 0, 6, 4, 7, 0, 4, 3, 5, 0, 0, 1, 1, 0], 18.47343957559322, 0.001207113265991211, 0]
[[1, 1, 0, 6, 4, 7, 0, 4, 3, 5, 0, 2, 2, 3, 0], 18.47343957559322, 0.0012404918670654297, 0]
[[1, 1, 0, 6, 4, 7, 0, 4, 3, 5, 0, 4, 3, 5, 0], 432.8301762356068, 0.0016298294067382812, 0]
[[1, 1, 0, 6, 4, 7, 0, 4, 3, 5, 0, 6, 4, 7, 0], 432.8239418252096, 0.0016710758209228516, 0]
[[1, 1, 0, 6, 4, 7, 0, 6, 4, 7, 0, 0, 1, 1, 0], 18.47343957559322, 0.001219034194946289, 0]
[[1, 1, 0, 6, 4, 7, 0, 6, 4, 7, 0, 2, 2, 3, 0], 18.47343957559322, 0.0012171268463134766, 0]
[[1, 1, 0, 6, 4, 7, 0, 6, 4, 7, 0, 4, 3, 5, 0], 432.8239418252096, 0.0016314983367919922, 0]
[[1, 1, 0, 6, 4, 7, 0, 6, 4, 7, 0, 6, 4, 7, 0], 432.8239418252096, 0.0016129016876220703, 0]
[[2, 3, 0, 0, 1, 1, 0, 0, 1, 1, 0, 0, 1, 1, 0], 1222.6969333957452, 0.00038695335388183594, 0]
[[2, 3, 0, 0, 1, 1, 0, 0, 1, 1, 0, 2, 2, 3, 0], 1491.8486171890243, 0.000385284423828125, 0]
[[2, 3, 0, 0, 1, 1, 0, 0, 1, 1, 0, 4, 3, 5, 0], 59.84399256344808, 0.0008039474487304688, 0]
[[2, 3, 0, 0, 1, 1, 0, 0, 1, 1, 0, 6, 4, 7, 0], 63.73081598879939, 0.000812530517578125, 0]
[[2, 3, 0, 0, 1, 1, 0, 2, 2, 3, 0, 0, 1, 1, 0], 1493.1908664351567, 0.0003936290740966797, 0]
[[2, 3, 0, 0, 1, 1, 0, 2, 2, 3, 0, 2, 2, 3, 0], 1491.8486171890243, 0.0003898143768310547, 0]
[[2, 3, 0, 0, 1, 1, 0, 2, 2, 3, 0, 4, 3, 5, 0], 63.73075661744392, 0.0007929801940917969, 0]
[[2, 3, 0, 0, 1, 1, 0, 2, 2, 3, 0, 6, 4, 7, 0], 63.73115851585018, 0.0008397102355957031, 0]
[[2, 3, 0, 0, 1, 1, 0, 4, 3, 5, 0, 0, 1, 1, 0], 63.731158515850204, 0.0008263587951660156, 0]
[[2, 3, 0, 0, 1, 1, 0, 4, 3, 5, 0, 2, 2, 3, 0], 63.72619415712739, 0.0007987022399902344, 0]
[[2, 3, 0, 0, 1, 1, 0, 4, 3, 5, 0, 4, 3, 5, 0], 2.713404725674966, 0.0012466907501220703, 0]
[[2, 3, 0, 0, 1, 1, 0, 4, 3, 5, 0, 6, 4, 7, 0], 2.7201199314684237, 0.0012733936309814453, 0]
[[2, 3, 0, 0, 1, 1, 0, 6, 4, 7, 0, 0, 1, 1, 0], 63.731158515850204, 0.0008540153503417969, 0]
[[2, 3, 0, 0, 1, 1, 0, 6, 4, 7, 0, 2, 2, 3, 0], 63.731158515850204, 0.0008220672607421875, 0]
[[2, 3, 0, 0, 1, 1, 0, 6, 4, 7, 0, 4, 3, 5, 0], 2.7201207111730152, 0.0012269020080566406, 0]
[[2, 3, 0, 0, 1, 1, 0, 6, 4, 7, 0, 6, 4, 7, 0], 2.7201214908776064, 0.0012645721435546875, 0]
[[2, 3, 0, 2, 2, 3, 0, 0, 1, 1, 0, 0, 1, 1, 0], 1222.6969333957452, 0.00039267539978027344, 0]
[[2, 3, 0, 2, 2, 3, 0, 0, 1, 1, 0, 2, 2, 3, 0], 1491.8486171890243, 0.0004017353057861328, 0]
[[2, 3, 0, 2, 2, 3, 0, 0, 1, 1, 0, 4, 3, 5, 0], 59.84399256344808, 0.0008575916290283203, 0]
[[2, 3, 0, 2, 2, 3, 0, 0, 1, 1, 0, 6, 4, 7, 0], 63.73081598879939, 0.0008189678192138672, 0]
[[2, 3, 0, 2, 2, 3, 0, 2, 2, 3, 0, 0, 1, 1, 0], 1222.6969333957452, 0.00038433074951171875, 0]
[[2, 3, 0, 2, 2, 3, 0, 2, 2, 3, 0, 2, 2, 3, 0], 3.714405140385962, 0.0004069805145263672, 0]
[[2, 3, 0, 2, 2, 3, 0, 2, 2, 3, 0, 4, 3, 5, 0], 8.25360032130006, 0.0008373260498046875, 0]
[[2, 3, 0, 2, 2, 3, 0, 2, 2, 3, 0, 6, 4, 7, 0], 28.98141928376221, 0.0007932186126708984, 0]
[[2, 3, 0, 2, 2, 3, 0, 4, 3, 5, 0, 0, 1, 1, 0], 61.07603953001108, 0.0008437633514404297, 0]
[[2, 3, 0, 2, 2, 3, 0, 4, 3, 5, 0, 2, 2, 3, 0], 56.6379713372241, 0.000804901123046875, 0]
[[2, 3, 0, 2, 2, 3, 0, 4, 3, 5, 0, 4, 3, 5, 0], 2.460071881512986, 0.0012359619140625, 0]
[[2, 3, 0, 2, 2, 3, 0, 4, 3, 5, 0, 6, 4, 7, 0], 2.707904494561062, 0.0012252330780029297, 0]
[[2, 3, 0, 2, 2, 3, 0, 6, 4, 7, 0, 0, 1, 1, 0], 63.731158515850204, 0.0008206367492675781, 0]
[[2, 3, 0, 2, 2, 3, 0, 6, 4, 7, 0, 2, 2, 3, 0], 62.52030712319024, 0.0008676052093505859, 0]
[[2, 3, 0, 2, 2, 3, 0, 6, 4, 7, 0, 4, 3, 5, 0], 2.6747313779413817, 0.001283884048461914, 0]
[[2, 3, 0, 2, 2, 3, 0, 6, 4, 7, 0, 6, 4, 7, 0], 2.7200834802787757, 0.0012340545654296875, 0]
[[2, 3, 0, 4, 3, 5, 0, 0, 1, 1, 0, 0, 1, 1, 0], 61.07603953001106, 0.0008418560028076172, 0]
[[2, 3, 0, 4, 3, 5, 0, 0, 1, 1, 0, 2, 2, 3, 0], 63.7104242117089, 0.0008118152618408203, 0]
[[2, 3, 0, 4, 3, 5, 0, 0, 1, 1, 0, 4, 3, 5, 0], 2.6801173823326447, 0.0012476444244384766, 0]
[[2, 3, 0, 4, 3, 5, 0, 0, 1, 1, 0, 6, 4, 7, 0], 2.720113498905544, 0.0012803077697753906, 0]
[[2, 3, 0, 4, 3, 5, 0, 2, 2, 3, 0, 0, 1, 1, 0], 63.73115851585018, 0.0008106231689453125, 0]
[[2, 3, 0, 4, 3, 5, 0, 2, 2, 3, 0, 2, 2, 3, 0], 56.63797133722409, 0.0008678436279296875, 0]
[[2, 3, 0, 4, 3, 5, 0, 2, 2, 3, 0, 4, 3, 5, 0], 2.7135136893916143, 0.0012826919555664062, 0]
[[2, 3, 0, 4, 3, 5, 0, 2, 2, 3, 0, 6, 4, 7, 0], 2.720113498905544, 0.0012450218200683594, 0]
[[2, 3, 0, 4, 3, 5, 0, 4, 3, 5, 0, 0, 1, 1, 0], 2.7201214908776064, 0.001222848892211914, 0]
[[2, 3, 0, 4, 3, 5, 0, 4, 3, 5, 0, 2, 2, 3, 0], 2.7177322810834004, 0.0012509822845458984, 0]
[[2, 3, 0, 4, 3, 5, 0, 4, 3, 5, 0, 4, 3, 5, 0], 8.721993031997105, 0.0016374588012695312, 0]
[[2, 3, 0, 4, 3, 5, 0, 4, 3, 5, 0, 6, 4, 7, 0], 8.61342906048802, 0.0017085075378417969, 0]
[[2, 3, 0, 4, 3, 5, 0, 6, 4, 7, 0, 0, 1, 1, 0], 2.7201214908776064, 0.001264333724975586, 0]
[[2, 3, 0, 4, 3, 5, 0, 6, 4, 7, 0, 2, 2, 3, 0], 2.7199840679433716, 0.0012359619140625, 0]
[[2, 3, 0, 4, 3, 5, 0, 6, 4, 7, 0, 4, 3, 5, 0], 8.614314283171042, 0.0016624927520751953, 0]
[[2, 3, 0, 4, 3, 5, 0, 6, 4, 7, 0, 6, 4, 7, 0], 8.613411777616111, 0.0016667842864990234, 0]
[[2, 3, 0, 6, 4, 7, 0, 0, 1, 1, 0, 0, 1, 1, 0], 63.73115851585018, 0.0008065700531005859, 0]
[[2, 3, 0, 6, 4, 7, 0, 0, 1, 1, 0, 2, 2, 3, 0], 63.73115851585018, 0.0008606910705566406, 0]
[[2, 3, 0, 6, 4, 7, 0, 0, 1, 1, 0, 4, 3, 5, 0], 2.720121490877606, 0.0012314319610595703, 0]
[[2, 3, 0, 6, 4, 7, 0, 0, 1, 1, 0, 6, 4, 7, 0], 2.720121490877606, 0.0012438297271728516, 0]
[[2, 3, 0, 6, 4, 7, 0, 2, 2, 3, 0, 0, 1, 1, 0], 63.73115851585018, 0.0008282661437988281, 0]
[[2, 3, 0, 6, 4, 7, 0, 2, 2, 3, 0, 2, 2, 3, 0], 62.52030712319023, 0.0007905960083007812, 0]
[[2, 3, 0, 6, 4, 7, 0, 2, 2, 3, 0, 4, 3, 5, 0], 2.719650354378251, 0.0013031959533691406, 0]
[[2, 3, 0, 6, 4, 7, 0, 2, 2, 3, 0, 6, 4, 7, 0], 2.720121490877606, 0.0012729167938232422, 0]
[[2, 3, 0, 6, 4, 7, 0, 4, 3, 5, 0, 0, 1, 1, 0], 2.7201214908776064, 0.0012989044189453125, 0]
[[2, 3, 0, 6, 4, 7, 0, 4, 3, 5, 0, 2, 2, 3, 0], 2.720096930182977, 0.0012845993041992188, 0]
[[2, 3, 0, 6, 4, 7, 0, 4, 3, 5, 0, 4, 3, 5, 0], 8.678304598819128, 0.0016825199127197266, 0]
[[2, 3, 0, 6, 4, 7, 0, 4, 3, 5, 0, 6, 4, 7, 0], 8.613411777616111, 0.0016217231750488281, 0]
[[2, 3, 0, 6, 4, 7, 0, 6, 4, 7, 0, 0, 1, 1, 0], 2.7201214908776064, 0.0012595653533935547, 0]
[[2, 3, 0, 6, 4, 7, 0, 6, 4, 7, 0, 2, 2, 3, 0], 2.7201214908776064, 0.001291036605834961, 0]
[[2, 3, 0, 6, 4, 7, 0, 6, 4, 7, 0, 4, 3, 5, 0], 8.613415481082825, 0.001659393310546875, 0]
[[2, 3, 0, 6, 4, 7, 0, 6, 4, 7, 0, 6, 4, 7, 0], 8.613411777616111, 0.0016598701477050781, 0]
[[3, 5, 0, 0, 1, 1, 0, 0, 1, 1, 0, 0, 1, 1, 0], 1473.7767467887982, 0.0005819797515869141, 0]
[[3, 5, 0, 0, 1, 1, 0, 0, 1, 1, 0, 2, 2, 3, 0], 5771.255467068986, 0.0006239414215087891, 0]
[[3, 5, 0, 0, 1, 1, 0, 0, 1, 1, 0, 4, 3, 5, 0], 150.11761092691196, 0.0009965896606445312, 0]
[[3, 5, 0, 0, 1, 1, 0, 0, 1, 1, 0, 6, 4, 7, 0], 249.58078802008626, 0.001085042953491211, 0]
[[3, 5, 0, 0, 1, 1, 0, 2, 2, 3, 0, 0, 1, 1, 0], 5848.163118041119, 0.0006287097930908203, 0]
[[3, 5, 0, 0, 1, 1, 0, 2, 2, 3, 0, 2, 2, 3, 0], 5771.255467068986, 0.0006296634674072266, 0]
[[3, 5, 0, 0, 1, 1, 0, 2, 2, 3, 0, 4, 3, 5, 0], 249.56623702966368, 0.0010037422180175781, 0]
[[3, 5, 0, 0, 1, 1, 0, 2, 2, 3, 0, 6, 4, 7, 0], 249.60654332974548, 0.001039743423461914, 0]
[[3, 5, 0, 0, 1, 1, 0, 4, 3, 5, 0, 2, 2, 3, 0], 249.40607423468063, 0.0010483264923095703, 0]
[[3, 5, 0, 0, 1, 1, 0, 4, 3, 5, 0, 4, 3, 5, 0], 10.533542709839354, 0.0015430450439453125, 0]
[[3, 5, 0, 0, 1, 1, 0, 4, 3, 5, 0, 6, 4, 7, 0], 10.653433709453704, 0.0014493465423583984, 0]
[[3, 5, 0, 0, 1, 1, 0, 6, 4, 7, 0, 0, 1, 1, 0], 249.60654332974548, 0.0010442733764648438, 0]
[[3, 5, 0, 0, 1, 1, 0, 6, 4, 7, 0, 2, 2, 3, 0], 249.60654332974548, 0.0011801719665527344, 0]
[[3, 5, 0, 0, 1, 1, 0, 6, 4, 7, 0, 4, 3, 5, 0], 10.653475228465654, 0.0014009475708007812, 0]
[[3, 5, 0, 0, 1, 1, 0, 6, 4, 7, 0, 6, 4, 7, 0], 10.653503538713375, 0.0014693737030029297, 0]
[[3, 5, 0, 2, 2, 3, 0, 0, 1, 1, 0, 0, 1, 1, 0], 5813.775938918512, 0.0006203651428222656, 0]
[[3, 5, 0, 2, 2, 3, 0, 0, 1, 1, 0, 2, 2, 3, 0], 5848.131903995243, 0.0006046295166015625, 0]
[[3, 5, 0, 2, 2, 3, 0, 0, 1, 1, 0, 4, 3, 5, 0], 249.3721367055334, 0.0009937286376953125, 0]
[[3, 5, 0, 2, 2, 3, 0, 0, 1, 1, 0, 6, 4, 7, 0], 249.606539555659, 0.0009899139404296875, 0]
[[3, 5, 0, 2, 2, 3, 0, 2, 2, 3, 0, 0, 1, 1, 0], 5813.775938918512, 0.0006442070007324219, 0]
[[3, 5, 0, 2, 2, 3, 0, 2, 2, 3, 0, 2, 2, 3, 0], 401.8567669242597, 0.0006301403045654297, 0]
[[3, 5, 0, 2, 2, 3, 0, 2, 2, 3, 0, 4, 3, 5, 0], 176.17253398949748, 0.0010683536529541016, 0]
[[3, 5, 0, 2, 2, 3, 0, 2, 2, 3, 0, 6, 4, 7, 0], 240.1110030756786, 0.0010204315185546875, 0]
[[3, 5, 0, 2, 2, 3, 0, 4, 3, 5, 0, 0, 1, 1, 0], 249.59395958190046, 0.0009999275207519531, 0]
[[3, 5, 0, 2, 2, 3, 0, 4, 3, 5, 0, 2, 2, 3, 0], 249.03203584593516, 0.0010378360748291016, 0]
[[3, 5, 0, 2, 2, 3, 0, 4, 3, 5, 0, 4, 3, 5, 0], 10.510143021573187, 0.0014698505401611328, 0]
[[3, 5, 0, 2, 2, 3, 0, 4, 3, 5, 0, 6, 4, 7, 0], 10.653427829942798, 0.0015673637390136719, 0]
[[3, 5, 0, 2, 2, 3, 0, 6, 4, 7, 0, 0, 1, 1, 0], 249.60654332974548, 0.0010483264923095703, 0]
[[3, 5, 0, 2, 2, 3, 0, 6, 4, 7, 0, 2, 2, 3, 0], 249.5865708640948, 0.0010137557983398438, 0]
[[3, 5, 0, 2, 2, 3, 0, 6, 4, 7, 0, 4, 3, 5, 0], 10.645460327522617, 0.0014579296112060547, 0]
[[3, 5, 0, 2, 2, 3, 0, 6, 4, 7, 0, 6, 4, 7, 0], 10.653503498442753, 0.0014753341674804688, 0]
[[3, 5, 0, 4, 3, 5, 0, 0, 1, 1, 0, 0, 1, 1, 0], 228.75496461900752, 0.0010650157928466797, 0]
[[3, 5, 0, 4, 3, 5, 0, 0, 1, 1, 0, 2, 2, 3, 0], 249.30056870361847, 0.0009951591491699219, 0]
[[3, 5, 0, 4, 3, 5, 0, 0, 1, 1, 0, 4, 3, 5, 0], 10.237728005176463, 0.0014488697052001953, 0]
[[3, 5, 0, 4, 3, 5, 0, 0, 1, 1, 0, 6, 4, 7, 0], 10.653390217181245, 0.0015025138854980469, 0]
[[3, 5, 0, 4, 3, 5, 0, 2, 2, 3, 0, 0, 1, 1, 0], 249.34637101713633, 0.0010323524475097656, 0]
[[3, 5, 0, 4, 3, 5, 0, 2, 2, 3, 0, 2, 2, 3, 0], 210.5932028174488, 0.0010273456573486328, 0]
[[3, 5, 0, 4, 3, 5, 0, 2, 2, 3, 0, 4, 3, 5, 0], 10.331509909032924, 0.001417398452758789, 0]
[[3, 5, 0, 4, 3, 5, 0, 2, 2, 3, 0, 6, 4, 7, 0], 10.577703071928351, 0.0014569759368896484, 0]
[[3, 5, 0, 4, 3, 5, 0, 4, 3, 5, 0, 0, 1, 1, 0], 10.263041152077722, 0.0014672279357910156, 0]
[[3, 5, 0, 4, 3, 5, 0, 4, 3, 5, 0, 2, 2, 3, 0], 10.183261947775128, 0.0014667510986328125, 0]
[[3, 5, 0, 4, 3, 5, 0, 4, 3, 5, 0, 4, 3, 5, 0], 2.3290461703937413, 0.002409696578979492, 0]
[[3, 5, 0, 4, 3, 5, 0, 4, 3, 5, 0, 6, 4, 7, 0], 2.2972478087918144, 0.002479076385498047, 0]
[[3, 5, 0, 4, 3, 5, 0, 6, 4, 7, 0, 0, 1, 1, 0], 10.653043728743986, 0.0019121170043945312, 0]
[[3, 5, 0, 4, 3, 5, 0, 6, 4, 7, 0, 2, 2, 3, 0], 10.526565824465678, 0.0019047260284423828, 0]
[[3, 5, 0, 4, 3, 5, 0, 6, 4, 7, 0, 4, 3, 5, 0], 2.210362256882227, 0.002498149871826172, 0]
[[3, 5, 0, 4, 3, 5, 0, 6, 4, 7, 0, 6, 4, 7, 0], 2.1992727326528194, 0.0025222301483154297, 0]
[[3, 5, 0, 6, 4, 7, 0, 0, 1, 1, 0, 0, 1, 1, 0], 249.5957701998891, 0.0012760162353515625, 0]
[[3, 5, 0, 6, 4, 7, 0, 0, 1, 1, 0, 2, 2, 3, 0], 249.60653861213737, 0.0012700557708740234, 0]
[[3, 5, 0, 6, 4, 7, 0, 0, 1, 1, 0, 4, 3, 5, 0], 10.65341691660406, 0.00182342529296875, 0]
[[3, 5, 0, 6, 4, 7, 0, 0, 1, 1, 0, 6, 4, 7, 0], 10.653503538713375, 0.0018093585968017578, 0]
[[3, 5, 0, 6, 4, 7, 0, 2, 2, 3, 0, 0, 1, 1, 0], 249.60654332974548, 0.001317739486694336, 0]
[[3, 5, 0, 6, 4, 7, 0, 2, 2, 3, 0, 2, 2, 3, 0], 244.0553017991542, 0.0013065338134765625, 0]
[[3, 5, 0, 6, 4, 7, 0, 2, 2, 3, 0, 4, 3, 5, 0], 10.651100469848132, 0.001943826675415039, 0]
[[3, 5, 0, 6, 4, 7, 0, 2, 2, 3, 0, 6, 4, 7, 0], 10.653503538713375, 0.001825571060180664, 0]
[[3, 5, 0, 6, 4, 7, 0, 4, 3, 5, 0, 0, 1, 1, 0], 10.653503538713375, 0.0015270709991455078, 0]
[[3, 5, 0, 6, 4, 7, 0, 4, 3, 5, 0, 2, 2, 3, 0], 10.65340229836804, 0.001482248306274414, 0]
[[3, 5, 0, 6, 4, 7, 0, 4, 3, 5, 0, 4, 3, 5, 0], 2.2110383054853844, 0.0018727779388427734, 0]
[[3, 5, 0, 6, 4, 7, 0, 4, 3, 5, 0, 6, 4, 7, 0], 2.1992320804724486, 0.0018782615661621094, 0]
[[3, 5, 0, 6, 4, 7, 0, 6, 4, 7, 0, 0, 1, 1, 0], 10.653503538713375, 0.0014655590057373047, 0]
[[3, 5, 0, 6, 4, 7, 0, 6, 4, 7, 0, 2, 2, 3, 0], 10.653503297089639, 0.0014336109161376953, 0]
[[3, 5, 0, 6, 4, 7, 0, 6, 4, 7, 0, 4, 3, 5, 0], 2.1992330780539797, 0.0018448829650878906, 0]
[[3, 5, 0, 6, 4, 7, 0, 6, 4, 7, 0, 6, 4, 7, 0], 2.199232055532922, 0.0018596649169921875, 0]
[[4, 7, 0, 0, 1, 1, 0, 0, 1, 1, 0, 0, 1, 1, 0], 345.4481005427774, 0.0005786418914794922, 0]
[[4, 7, 0, 0, 1, 1, 0, 0, 1, 1, 0, 2, 2, 3, 0], 349.1482692486423, 0.0006604194641113281, 0]
[[4, 7, 0, 0, 1, 1, 0, 0, 1, 1, 0, 4, 3, 5, 0], 14.851959666488568, 0.001018524169921875, 0]
[[4, 7, 0, 0, 1, 1, 0, 0, 1, 1, 0, 6, 4, 7, 0], 14.90237202664141, 0.000988006591796875, 0]
[[4, 7, 0, 0, 1, 1, 0, 2, 2, 3, 0, 0, 1, 1, 0], 349.15552010349154, 0.0006136894226074219, 0]
[[4, 7, 0, 0, 1, 1, 0, 2, 2, 3, 0, 2, 2, 3, 0], 349.1482692486423, 0.0006389617919921875, 0]
[[4, 7, 0, 0, 1, 1, 0, 2, 2, 3, 0, 4, 3, 5, 0], 14.90237202664141, 0.0010106563568115234, 0]
[[4, 7, 0, 0, 1, 1, 0, 2, 2, 3, 0, 6, 4, 7, 0], 14.90237202664141, 0.0010623931884765625, 0]
[[4, 7, 0, 0, 1, 1, 0, 4, 3, 5, 0, 0, 1, 1, 0], 14.90237202664141, 0.0010673999786376953, 0]
[[4, 7, 0, 0, 1, 1, 0, 4, 3, 5, 0, 2, 2, 3, 0], 14.902331455211753, 0.0010340213775634766, 0]
[[4, 7, 0, 0, 1, 1, 0, 4, 3, 5, 0, 4, 3, 5, 0], 1.572423660160434, 0.0014760494232177734, 0]
[[4, 7, 0, 0, 1, 1, 0, 4, 3, 5, 0, 6, 4, 7, 0], 1.5722011532248839, 0.0015149116516113281, 0]
[[4, 7, 0, 0, 1, 1, 0, 6, 4, 7, 0, 0, 1, 1, 0], 14.90237202664141, 0.0010263919830322266, 0]
[[4, 7, 0, 0, 1, 1, 0, 6, 4, 7, 0, 2, 2, 3, 0], 14.90237202664141, 0.0010724067687988281, 0]
[[4, 7, 0, 0, 1, 1, 0, 6, 4, 7, 0, 4, 3, 5, 0], 1.5722011532248839, 0.001482248306274414, 0]
[[4, 7, 0, 0, 1, 1, 0, 6, 4, 7, 0, 6, 4, 7, 0], 1.5722011532248839, 0.0014681816101074219, 0]
[[4, 7, 0, 2, 2, 3, 0, 0, 1, 1, 0, 0, 1, 1, 0], 349.15552010349154, 0.0006411075592041016, 0]
[[4, 7, 0, 2, 2, 3, 0, 0, 1, 1, 0, 2, 2, 3, 0], 349.15552010349154, 0.0006501674652099609, 0]
[[4, 7, 0, 2, 2, 3, 0, 0, 1, 1, 0, 4, 3, 5, 0], 14.90237202664141, 0.001004934310913086, 0]
[[4, 7, 0, 2, 2, 3, 0, 0, 1, 1, 0, 6, 4, 7, 0], 14.90237202664141, 0.0010771751403808594, 0]
[[4, 7, 0, 2, 2, 3, 0, 2, 2, 3, 0, 0, 1, 1, 0], 349.15552010349154, 0.0006506443023681641, 0]
[[4, 7, 0, 2, 2, 3, 0, 2, 2, 3, 0, 2, 2, 3, 0], 225.9077221085452, 0.0006427764892578125, 0]
[[4, 7, 0, 2, 2, 3, 0, 2, 2, 3, 0, 4, 3, 5, 0], 14.777927186102406, 0.001032114028930664, 0]
[[4, 7, 0, 2, 2, 3, 0, 2, 2, 3, 0, 6, 4, 7, 0], 14.900985993381733, 0.0010237693786621094, 0]
[[4, 7, 0, 2, 2, 3, 0, 4, 3, 5, 0, 0, 1, 1, 0], 14.90237202664141, 0.0010263919830322266, 0]
[[4, 7, 0, 2, 2, 3, 0, 4, 3, 5, 0, 2, 2, 3, 0], 14.902299375476675, 0.0010716915130615234, 0]
[[4, 7, 0, 2, 2, 3, 0, 4, 3, 5, 0, 4, 3, 5, 0], 1.5772508396620957, 0.0015156269073486328, 0]
[[4, 7, 0, 2, 2, 3, 0, 4, 3, 5, 0, 6, 4, 7, 0], 1.5722011532248839, 0.0015075206756591797, 0]
[[4, 7, 0, 2, 2, 3, 0, 6, 4, 7, 0, 0, 1, 1, 0], 14.90237202664141, 0.001033782958984375, 0]
[[4, 7, 0, 2, 2, 3, 0, 6, 4, 7, 0, 2, 2, 3, 0], 14.90237108311979, 0.0010600090026855469, 0]
[[4, 7, 0, 2, 2, 3, 0, 6, 4, 7, 0, 4, 3, 5, 0], 1.5722055330669644, 0.0017957687377929688, 0]
[[4, 7, 0, 2, 2, 3, 0, 6, 4, 7, 0, 6, 4, 7, 0], 1.5722011532248839, 0.00183868408203125, 0]
[[4, 7, 0, 4, 3, 5, 0, 0, 1, 1, 0, 0, 1, 1, 0], 14.868706231720699, 0.0013217926025390625, 0]
[[4, 7, 0, 4, 3, 5, 0, 0, 1, 1, 0, 2, 2, 3, 0], 14.902333342254993, 0.0012238025665283203, 0]
[[4, 7, 0, 4, 3, 5, 0, 0, 1, 1, 0, 4, 3, 5, 0], 1.5731875320258495, 0.0018169879913330078, 0]
[[4, 7, 0, 4, 3, 5, 0, 0, 1, 1, 0, 6, 4, 7, 0], 1.5722011532248839, 0.0018589496612548828, 0]
[[4, 7, 0, 4, 3, 5, 0, 2, 2, 3, 0, 0, 1, 1, 0], 14.90237202664141, 0.00130462646484375, 0]
[[4, 7, 0, 4, 3, 5, 0, 2, 2, 3, 0, 2, 2, 3, 0], 14.863295135230404, 0.0012459754943847656, 0]
[[4, 7, 0, 4, 3, 5, 0, 2, 2, 3, 0, 4, 3, 5, 0], 1.5722656588204957, 0.001889944076538086, 0]
[[4, 7, 0, 4, 3, 5, 0, 2, 2, 3, 0, 6, 4, 7, 0], 1.5722011532248839, 0.00176239013671875, 0]
[[4, 7, 0, 4, 3, 5, 0, 4, 3, 5, 0, 0, 1, 1, 0], 1.5722011532248839, 0.005072832107543945, 0]
[[4, 7, 0, 4, 3, 5, 0, 4, 3, 5, 0, 2, 2, 3, 0], 1.5722075239123408, 0.0018048286437988281, 0]
[[4, 7, 0, 4, 3, 5, 0, 4, 3, 5, 0, 4, 3, 5, 0], 37.2604563552624, 0.0019304752349853516, 0]
[[4, 7, 0, 4, 3, 5, 0, 4, 3, 5, 0, 6, 4, 7, 0], 36.835928560915164, 0.002063751220703125, 0]
[[4, 7, 0, 4, 3, 5, 0, 6, 4, 7, 0, 0, 1, 1, 0], 1.5722011532248839, 0.0016155242919921875, 0]
[[4, 7, 0, 4, 3, 5, 0, 6, 4, 7, 0, 2, 2, 3, 0], 1.5722011532248839, 0.001605987548828125, 0]
[[4, 7, 0, 4, 3, 5, 0, 6, 4, 7, 0, 4, 3, 5, 0], 36.83593555755332, 0.0018506050109863281, 0]
[[4, 7, 0, 4, 3, 5, 0, 6, 4, 7, 0, 6, 4, 7, 0], 36.835928560915164, 0.0018613338470458984, 0]
[[4, 7, 0, 6, 4, 7, 0, 0, 1, 1, 0, 0, 1, 1, 0], 14.90237202664141, 0.0010807514190673828, 0]
[[4, 7, 0, 6, 4, 7, 0, 0, 1, 1, 0, 2, 2, 3, 0], 14.90237202664141, 0.0009968280792236328, 0]
[[4, 7, 0, 6, 4, 7, 0, 0, 1, 1, 0, 4, 3, 5, 0], 1.5722011532248839, 0.001402139663696289, 0]
[[4, 7, 0, 6, 4, 7, 0, 0, 1, 1, 0, 6, 4, 7, 0], 1.5722011532248839, 0.0015239715576171875, 0]
[[4, 7, 0, 6, 4, 7, 0, 2, 2, 3, 0, 0, 1, 1, 0], 14.90237202664141, 0.0010616779327392578, 0]
[[4, 7, 0, 6, 4, 7, 0, 2, 2, 3, 0, 2, 2, 3, 0], 14.900468943534012, 0.0011067390441894531, 0]
[[4, 7, 0, 6, 4, 7, 0, 2, 2, 3, 0, 4, 3, 5, 0], 1.5722029449755128, 0.0015535354614257812, 0]
[[4, 7, 0, 6, 4, 7, 0, 2, 2, 3, 0, 6, 4, 7, 0], 1.5722011532248839, 0.0014760494232177734, 0]
[[4, 7, 0, 6, 4, 7, 0, 4, 3, 5, 0, 0, 1, 1, 0], 1.5722011532248839, 0.0015020370483398438, 0]
[[4, 7, 0, 6, 4, 7, 0, 4, 3, 5, 0, 2, 2, 3, 0], 1.5722013523080853, 0.0014753341674804688, 0]
[[4, 7, 0, 6, 4, 7, 0, 4, 3, 5, 0, 4, 3, 5, 0], 36.84133542248676, 0.0020101070404052734, 0]
[[4, 7, 0, 6, 4, 7, 0, 4, 3, 5, 0, 6, 4, 7, 0], 36.835928560915164, 0.0019414424896240234, 0]
[[4, 7, 0, 6, 4, 7, 0, 6, 4, 7, 0, 0, 1, 1, 0], 1.5722011532248839, 0.0014696121215820312, 0]
[[4, 7, 0, 6, 4, 7, 0, 6, 4, 7, 0, 2, 2, 3, 0], 1.5722011532248839, 0.00144195556640625, 0]
[[4, 7, 0, 6, 4, 7, 0, 6, 4, 7, 0, 4, 3, 5, 0], 36.835928560915164, 0.0019025802612304688, 0]
[[4, 7, 0, 6, 4, 7, 0, 6, 4, 7, 0, 6, 4, 7, 0], 36.835928560915164, 0.0019745826721191406, 0]
