[[0, 0, 1, 1, 0, 0, 1, 1, 0, 0, 1, 1, 0, 0, 1], 7.9999999999999999983, 0.01906871795654297, 0]
[[0, 0, 1, 1, 0, 0, 1, 1, 0, 0, 1, 1, 0, 2, 2], 1.2353547031813057702, 0.01840806007385254, 0]
[[0, 0, 1, 1, 0, 0, 1, 1, 0, 0, 1, 1, 0, 4, 3], 4.3292598295381795872, 0.02766108512878418, 0]
[[0, 0, 1, 1, 0, 0, 1, 1, 0, 0, 1, 1, 0, 6, 4], 1.0107322042150149878, 0.020417213439941406, 0]
[[0, 0, 1, 1, 0, 0, 1, 1, 0, 2, 2, 3, 0, 0, 1], 1.0, 0.024010658264160156, 0]
[[0, 0, 1, 1, 0, 0, 1, 1, 0, 2, 2, 3, 0, 2, 2], 1.3876687130684799068, 0.02155160903930664, 0]
[[0, 0, 1, 1, 0, 0, 1, 1, 0, 2, 2, 3, 0, 4, 3], 2.0844017739489667737, 0.0289914608001709, 0]
[[0, 0, 1, 1, 0, 0, 1, 1, 0, 2, 2, 3, 0, 6, 4], 1.0, 0.020394563674926758, 0]
[[0, 0, 1, 1, 0, 0, 1, 1, 0, 4, 3, 5, 0, 0, 1], 1.0, 0.02287602424621582, 0]
[[0, 0, 1, 1, 0, 0, 1, 1, 0, 4, 3, 5, 0, 2, 2], 1.1675127207212542582, 0.02682328224182129, 0]
[[0, 0, 1, 1, 0, 0, 1, 1, 0, 4, 3, 5, 0, 4, 3], 113.66269887761557748, 0.028980016708374023, 0]
[[0, 0, 1, 1, 0, 0, 1, 1, 0, 4, 3, 5, 0, 6, 4], 1.0022642047260903071, 0.024551868438720703, 0]
[[0, 0, 1, 1, 0, 0, 1, 1, 0, 6, 4, 7, 0, 0, 1], 1.0, 0.028983116149902344, 0]
[[0, 0, 1, 1, 0, 0, 1, 1, 0, 6, 4, 7, 0, 2, 2], 1.005833692712366494, 0.031104326248168945, 0]
[[0, 0, 1, 1, 0, 0, 1, 1, 0, 6, 4, 7, 0, 4, 3], 29.289182566229885491, 0.024509668350219727, 0]
[[0, 0, 1, 1, 0, 0, 1, 1, 0, 6, 4, 7, 0, 6, 4], 1.0000000000000000001, 0.0362849235534668, 0]
[[0, 0, 1, 1, 0, 2, 2, 3, 0, 0, 1, 1, 0, 0, 1], 1.0000000000000000002, 0.019426822662353516, 0]
[[0, 0, 1, 1, 0, 2, 2, 3, 0, 0, 1, 1, 0, 2, 2], 1.0115682068440959875, 0.06367230415344238, 0]
[[0, 0, 1, 1, 0, 2, 2, 3, 0, 0, 1, 1, 0, 4, 3], 1.0910028223900414172, 0.024523019790649414, 0]
[[0, 0, 1, 1, 0, 2, 2, 3, 0, 0, 1, 1, 0, 6, 4], 1.0, 0.026196002960205078, 0]
[[0, 0, 1, 1, 0, 2, 2, 3, 0, 2, 2, 3, 0, 0, 1], 1.0, 0.034010887145996094, 0]
[[0, 0, 1, 1, 0, 2, 2, 3, 0, 2, 2, 3, 0, 2, 2], 1.4122702545602969404, 0.02095341682434082, 0]
[[0, 0, 1, 1, 0, 2, 2, 3, 0, 2, 2, 3, 0, 4, 3], 2.2438118695315233887, 0.021641969680786133, 0]
[[0, 0, 1, 1, 0, 2, 2, 3, 0, 2, 2, 3, 0, 6, 4], 1.0000000000000000008, 0.020537853240966797, 0]
[[0, 0, 1, 1, 0, 2, 2, 3, 0, 4, 3, 5, 0, 0, 1], 1.0, 0.03942537307739258, 0]
[[0, 0, 1, 1, 0, 2, 2, 3, 0, 4, 3, 5, 0, 2, 2], 1.2349400120074876962, 0.023352622985839844, 0]
[[0, 0, 1, 1, 0, 2, 2, 3, 0, 4, 3, 5, 0, 4, 3], 181.24147856556910581, 0.029981613159179688, 0]
[[0, 0, 1, 1, 0, 2, 2, 3, 0, 4, 3, 5, 0, 6, 4], 1.0000000000000000004, 0.027483224868774414, 0]
[[0, 0, 1, 1, 0, 2, 2, 3, 0, 6, 4, 7, 0, 0, 1], 1.0, 0.056961774826049805, 0]
[[0, 0, 1, 1, 0, 2, 2, 3, 0, 6, 4, 7, 0, 2, 2], 1.005833692712366494, 0.04504203796386719, 0]
[[0, 0, 1, 1, 0, 2, 2, 3, 0, 6, 4, 7, 0, 4, 3], 29.287918432033067993, 0.03174591064453125, 0]
[[0, 0, 1, 1, 0, 2, 2, 3, 0, 6, 4, 7, 0, 6, 4], 1.0000000000000000001, 0.04803919792175293, 0]
[[0, 0, 1, 1, 0, 4, 3, 5, 0, 0, 1, 1, 0, 0, 1], 1.0000000000000000002, 0.026988983154296875, 0]
[[0, 0, 1, 1, 0, 4, 3, 5, 0, 0, 1, 1, 0, 2, 2], 1.0115682068440959875, 0.0450596809387207, 0]
[[0, 0, 1, 1, 0, 4, 3, 5, 0, 0, 1, 1, 0, 4, 3], 1.0910028223900414172, 0.025012731552124023, 0]
[[0, 0, 1, 1, 0, 4, 3, 5, 0, 0, 1, 1, 0, 6, 4], 1.0, 0.03125286102294922, 0]
[[0, 0, 1, 1, 0, 4, 3, 5, 0, 2, 2, 3, 0, 0, 1], 1.0, 0.02335977554321289, 0]
[[0, 0, 1, 1, 0, 4, 3, 5, 0, 2, 2, 3, 0, 2, 2], 1.1972280653504130853, 0.036087751388549805, 0]
[[0, 0, 1, 1, 0, 4, 3, 5, 0, 2, 2, 3, 0, 4, 3], 2.1592575191231435745, 0.02512335777282715, 0]
[[0, 0, 1, 1, 0, 4, 3, 5, 0, 2, 2, 3, 0, 6, 4], 1.0000000000000000003, 0.050995588302612305, 0]
[[0, 0, 1, 1, 0, 4, 3, 5, 0, 4, 3, 5, 0, 0, 1], nan, 0.04945039749145508, 0]
[[0, 0, 1, 1, 0, 4, 3, 5, 0, 4, 3, 5, 0, 2, 2], 10.506301494572480839, 0.039055824279785156, 0]
[[0, 0, 1, 1, 0, 4, 3, 5, 0, 4, 3, 5, 0, 4, 3], -1, 0.03996586799621582, 0]
[[0, 0, 1, 1, 0, 4, 3, 5, 0, 4, 3, 5, 0, 6, 4], 9.662362409944597875e+463, 0.03907370567321777, 0]
[[0, 0, 1, 1, 0, 4, 3, 5, 0, 6, 4, 7, 0, 0, 1], 1.0, 0.026833534240722656, 0]
[[0, 0, 1, 1, 0, 4, 3, 5, 0, 6, 4, 7, 0, 2, 2], 1.005833692712366494, 0.027818679809570312, 0]
[[0, 0, 1, 1, 0, 4, 3, 5, 0, 6, 4, 7, 0, 4, 3], 29.287918432033067993, 0.028888940811157227, 0]
[[0, 0, 1, 1, 0, 4, 3, 5, 0, 6, 4, 7, 0, 6, 4], 1.0000000000000000001, 0.028481006622314453, 0]
[[0, 0, 1, 1, 0, 6, 4, 7, 0, 0, 1, 1, 0, 0, 1], 1.0000000000000000002, 0.022495269775390625, 0]
[[0, 0, 1, 1, 0, 6, 4, 7, 0, 0, 1, 1, 0, 2, 2], 1.0115682068440959875, 0.02278614044189453, 0]
[[0, 0, 1, 1, 0, 6, 4, 7, 0, 0, 1, 1, 0, 4, 3], 1.0910028223900414172, 0.04804110527038574, 0]
[[0, 0, 1, 1, 0, 6, 4, 7, 0, 0, 1, 1, 0, 6, 4], 1.0, 0.03300309181213379, 0]
[[0, 0, 1, 1, 0, 6, 4, 7, 0, 2, 2, 3, 0, 0, 1], 1.0000000000000000001, 0.024308204650878906, 0]
[[0, 0, 1, 1, 0, 6, 4, 7, 0, 2, 2, 3, 0, 2, 2], 1.1353056685288448373, 0.028896570205688477, 0]
[[0, 0, 1, 1, 0, 6, 4, 7, 0, 2, 2, 3, 0, 4, 3], 2.064399857941726083, 0.028990983963012695, 0]
[[0, 0, 1, 1, 0, 6, 4, 7, 0, 2, 2, 3, 0, 6, 4], 1.0000000000000000001, 0.03203463554382324, 0]
[[0, 0, 1, 1, 0, 6, 4, 7, 0, 4, 3, 5, 0, 0, 1], nan, 0.0452115535736084, 0]
[[0, 0, 1, 1, 0, 6, 4, 7, 0, 4, 3, 5, 0, 2, 2], 4.6630965244070317613, 0.028226375579833984, 0]
[[0, 0, 1, 1, 0, 6, 4, 7, 0, 4, 3, 5, 0, 4, 3], 2452.0387706937294119, 0.028806209564208984, 0]
[[0, 0, 1, 1, 0, 6, 4, 7, 0, 4, 3, 5, 0, 6, 4], 1.1036732394482310357e+416, 0.032019615173339844, 0]
[[0, 0, 1, 1, 0, 6, 4, 7, 0, 6, 4, 7, 0, 0, 1], 1.0, 0.026381731033325195, 0]
[[0, 0, 1, 1, 0, 6, 4, 7, 0, 6, 4, 7, 0, 2, 2], 1.005833692712366494, 0.026673555374145508, 0]
[[0, 0, 1, 1, 0, 6, 4, 7, 0, 6, 4, 7, 0, 6, 4], 1.0000000000000000001, 0.029998302459716797, 0]
[[0, 2, 2, 3, 0, 0, 1, 1, 0, 0, 1, 1, 0, 0, 1], 1.02861333659284611, 0.020624160766601562, 0]
[[0, 2, 2, 3, 0, 0, 1, 1, 0, 0, 1, 1, 0, 2, 2], 1.0124783371665723823, 0.032006263732910156, 0]
[[0, 2, 2, 3, 0, 0, 1, 1, 0, 0, 1, 1, 0, 4, 3], 1.1055415072139515508, 0.04324150085449219, 0]
[[0, 2, 2, 3, 0, 0, 1, 1, 0, 0, 1, 1, 0, 6, 4], 1.0000207672656228878, 0.04910778999328613, 0]
[[0, 2, 2, 3, 0, 0, 1, 1, 0, 2, 2, 3, 0, 0, 1], 1.0, 0.02105545997619629, 0]
[[0, 2, 2, 3, 0, 0, 1, 1, 0, 2, 2, 3, 0, 2, 2], 1.1373126337945795991, 0.023936986923217773, 0]
[[0, 2, 2, 3, 0, 0, 1, 1, 0, 2, 2, 3, 0, 4, 3], 2.0721565586003279017, 0.02043294906616211, 0]
[[0, 2, 2, 3, 0, 0, 1, 1, 0, 2, 2, 3, 0, 6, 4], 1.0, 0.021085500717163086, 0]
[[0, 2, 2, 3, 0, 0, 1, 1, 0, 4, 3, 5, 0, 0, 1], 1.0, 0.02377772331237793, 0]
[[0, 2, 2, 3, 0, 0, 1, 1, 0, 4, 3, 5, 0, 2, 2], 1.119236827643929937, 0.027033567428588867, 0]
[[0, 2, 2, 3, 0, 0, 1, 1, 0, 4, 3, 5, 0, 4, 3], 104.29541655462924921, 0.02997112274169922, 0]
[[0, 2, 2, 3, 0, 0, 1, 1, 0, 4, 3, 5, 0, 6, 4], 1.000002595861032543, 0.024948596954345703, 0]
[[0, 2, 2, 3, 0, 0, 1, 1, 0, 6, 4, 7, 0, 0, 1], 1.0, 0.022344350814819336, 0]
[[0, 2, 2, 3, 0, 0, 1, 1, 0, 6, 4, 7, 0, 2, 2], 1.005833692712366494, 0.022603273391723633, 0]
[[0, 2, 2, 3, 0, 0, 1, 1, 0, 6, 4, 7, 0, 4, 3], 29.287918985579950158, 0.02470231056213379, 0]
[[0, 2, 2, 3, 0, 0, 1, 1, 0, 6, 4, 7, 0, 6, 4], 1.0000000000000000001, 0.025213003158569336, 0]
[[0, 2, 2, 3, 0, 2, 2, 3, 0, 0, 1, 1, 0, 0, 1], 1.02861333659284611, 0.019032001495361328, 0]
[[0, 2, 2, 3, 0, 2, 2, 3, 0, 0, 1, 1, 0, 2, 2], 1.0124783371665723823, 0.01933455467224121, 0]
[[0, 2, 2, 3, 0, 2, 2, 3, 0, 0, 1, 1, 0, 4, 3], 1.1055415072139515508, 0.020390033721923828, 0]
[[0, 2, 2, 3, 0, 2, 2, 3, 0, 0, 1, 1, 0, 6, 4], 1.0000207672656228878, 0.020245075225830078, 0]
[[0, 2, 2, 3, 0, 2, 2, 3, 0, 2, 2, 3, 0, 0, 1], 1.0286133365928461103, 0.01980757713317871, 0]
[[0, 2, 2, 3, 0, 2, 2, 3, 0, 2, 2, 3, 0, 2, 2], 460.73131103621121543, 0.020693063735961914, 0]
[[0, 2, 2, 3, 0, 2, 2, 3, 0, 2, 2, 3, 0, 4, 3], 31.278413993390291348, 0.028490304946899414, 0]
[[0, 2, 2, 3, 0, 2, 2, 3, 0, 2, 2, 3, 0, 6, 4], 1.5455669989701709689, 0.02100062370300293, 0]
[[0, 2, 2, 3, 0, 2, 2, 3, 0, 4, 3, 5, 0, 0, 1], 1.0017748149430760573, 0.024592876434326172, 0]
[[0, 2, 2, 3, 0, 2, 2, 3, 0, 4, 3, 5, 0, 2, 2], 1.322586807269058507, 0.024302959442138672, 0]
[[0, 2, 2, 3, 0, 2, 2, 3, 0, 4, 3, 5, 0, 4, 3], 167.83464556366904803, 0.02515268325805664, 0]
[[0, 2, 2, 3, 0, 2, 2, 3, 0, 4, 3, 5, 0, 6, 4], 1.0026290866900962797, 0.037294864654541016, 0]
[[0, 2, 2, 3, 0, 2, 2, 3, 0, 6, 4, 7, 0, 0, 1], 1.0, 0.022966861724853516, 0]
[[0, 2, 2, 3, 0, 2, 2, 3, 0, 6, 4, 7, 0, 2, 2], 1.0253140053283184912, 0.033048391342163086, 0]
[[0, 2, 2, 3, 0, 2, 2, 3, 0, 6, 4, 7, 0, 4, 3], 29.954096580780151832, 0.024634838104248047, 0]
[[0, 2, 2, 3, 0, 2, 2, 3, 0, 6, 4, 7, 0, 6, 4], 1.0001277196787973557, 0.032965660095214844, 0]
[[0, 2, 2, 3, 0, 4, 3, 5, 0, 0, 1, 1, 0, 0, 1], 1.0017748149430760571, 0.02354574203491211, 0]
[[0, 2, 2, 3, 0, 4, 3, 5, 0, 0, 1, 1, 0, 2, 2], 1.0116470094074341867, 0.02877330780029297, 0]
[[0, 2, 2, 3, 0, 4, 3, 5, 0, 0, 1, 1, 0, 4, 3], 1.091879755115873566, 0.025020837783813477, 0]
[[0, 2, 2, 3, 0, 4, 3, 5, 0, 0, 1, 1, 0, 6, 4], 1.0000027224887447251, 0.04904627799987793, 0]
[[0, 2, 2, 3, 0, 4, 3, 5, 0, 2, 2, 3, 0, 0, 1], 1.0, 0.02706742286682129, 0]
[[0, 2, 2, 3, 0, 4, 3, 5, 0, 2, 2, 3, 0, 2, 2], 1.2780071855847068739, 0.023621320724487305, 0]
[[0, 2, 2, 3, 0, 4, 3, 5, 0, 2, 2, 3, 0, 4, 3], 2.0727983171376390913, 0.027965307235717773, 0]
[[0, 2, 2, 3, 0, 4, 3, 5, 0, 2, 2, 3, 0, 6, 4], 1.0000048751647584085, 0.03604626655578613, 0]
[[0, 2, 2, 3, 0, 4, 3, 5, 0, 4, 3, 5, 0, 0, 1], nan, 0.05619525909423828, 0]
[[0, 2, 2, 3, 0, 4, 3, 5, 0, 4, 3, 5, 0, 2, 2], 4.891265967784958209, 0.027589082717895508, 0]
[[0, 2, 2, 3, 0, 4, 3, 5, 0, 4, 3, 5, 0, 4, 3], 2720.3045250254047784, 0.029502153396606445, 0]
[[0, 2, 2, 3, 0, 4, 3, 5, 0, 4, 3, 5, 0, 6, 4], 8.3833349434880303956e+635, 0.029120206832885742, 0]
[[0, 2, 2, 3, 0, 4, 3, 5, 0, 6, 4, 7, 0, 0, 1], 1.0, 0.026740550994873047, 0]
[[0, 2, 2, 3, 0, 4, 3, 5, 0, 6, 4, 7, 0, 2, 2], 1.0058427747321652514, 0.02794623374938965, 0]
[[0, 2, 2, 3, 0, 4, 3, 5, 0, 6, 4, 7, 0, 4, 3], 29.288196758045095036, 0.031336307525634766, 0]
[[0, 2, 2, 3, 0, 4, 3, 5, 0, 6, 4, 7, 0, 6, 4], 1.0000001266270547695, 0.028775453567504883, 0]
[[0, 2, 2, 3, 0, 6, 4, 7, 0, 0, 1, 1, 0, 0, 1], 1.0000000000000000002, 0.02927398681640625, 0]
[[0, 2, 2, 3, 0, 6, 4, 7, 0, 0, 1, 1, 0, 2, 2], 1.0115682068440959875, 0.029865026473999023, 0]
[[0, 2, 2, 3, 0, 6, 4, 7, 0, 0, 1, 1, 0, 4, 3], 1.0910028223900414172, 0.030066967010498047, 0]
[[0, 2, 2, 3, 0, 6, 4, 7, 0, 0, 1, 1, 0, 6, 4], 1.0, 0.024788618087768555, 0]
[[0, 2, 2, 3, 0, 6, 4, 7, 0, 2, 2, 3, 0, 0, 1], 1.0, 0.023973941802978516, 0]
[[0, 2, 2, 3, 0, 6, 4, 7, 0, 2, 2, 3, 0, 2, 2], 1.1572321466595887306, 0.02300882339477539, 0]
[[0, 2, 2, 3, 0, 6, 4, 7, 0, 2, 2, 3, 0, 4, 3], 2.064091485240208636, 0.024876117706298828, 0]
[[0, 2, 2, 3, 0, 6, 4, 7, 0, 2, 2, 3, 0, 6, 4], 1.000000063313523376, 0.024962902069091797, 0]
[[0, 2, 2, 3, 0, 6, 4, 7, 0, 4, 3, 5, 0, 0, 1], nan, 0.05547142028808594, 0]
[[0, 2, 2, 3, 0, 6, 4, 7, 0, 4, 3, 5, 0, 2, 2], 4.6341208324169242466, 0.03807544708251953, 0]
[[0, 2, 2, 3, 0, 6, 4, 7, 0, 4, 3, 5, 0, 4, 3], 2461.9178130947975662, 0.03896188735961914, 0]
[[0, 2, 2, 3, 0, 6, 4, 7, 0, 4, 3, 5, 0, 6, 4], 7.595290522895260083e+373, 0.037065744400024414, 0]
[[0, 2, 2, 3, 0, 6, 4, 7, 0, 6, 4, 7, 0, 0, 1], 1.0, 0.03235745429992676, 0]
[[0, 2, 2, 3, 0, 6, 4, 7, 0, 6, 4, 7, 0, 2, 2], 1.005833692712366494, 0.03905797004699707, 0]
[[0, 2, 2, 3, 0, 6, 4, 7, 0, 6, 4, 7, 0, 4, 3], 29.287919096289329102, 0.03896164894104004, 0]
[[0, 2, 2, 3, 0, 6, 4, 7, 0, 6, 4, 7, 0, 6, 4], 1.0000000000000000001, 0.03900551795959473, 0]
[[0, 4, 3, 5, 0, 0, 1, 1, 0, 0, 1, 1, 0, 0, 1], 2.2119524958780377064, 0.026991605758666992, 0]
[[0, 4, 3, 5, 0, 0, 1, 1, 0, 0, 1, 1, 0, 2, 2], 1.0772746098386467767, 0.02699875831604004, 0]
[[0, 4, 3, 5, 0, 0, 1, 1, 0, 0, 1, 1, 0, 4, 3], 1.8140539379644145793, 0.03297591209411621, 0]
[[0, 4, 3, 5, 0, 0, 1, 1, 0, 0, 1, 1, 0, 6, 4], 1.0033943237986695242, 0.051030874252319336, 0]
[[0, 4, 3, 5, 0, 0, 1, 1, 0, 2, 2, 3, 0, 0, 1], 1.0, 0.022993803024291992, 0]
[[0, 4, 3, 5, 0, 0, 1, 1, 0, 2, 2, 3, 0, 2, 2], 1.2100980128269653927, 0.025853395462036133, 0]
[[0, 4, 3, 5, 0, 0, 1, 1, 0, 2, 2, 3, 0, 4, 3], 2.0740932889596562921, 0.025112390518188477, 0]
[[0, 4, 3, 5, 0, 0, 1, 1, 0, 2, 2, 3, 0, 6, 4], 1.0, 0.02483201026916504, 0]
[[0, 4, 3, 5, 0, 0, 1, 1, 0, 4, 3, 5, 0, 0, 1], 1.0, 0.027280330657958984, 0]
[[0, 4, 3, 5, 0, 0, 1, 1, 0, 4, 3, 5, 0, 4, 3], 108.39803102419796119, 0.028850555419921875, 0]
[[0, 4, 3, 5, 0, 0, 1, 1, 0, 4, 3, 5, 0, 6, 4], 1.00062738715013806, 0.02897024154663086, 0]
[[0, 4, 3, 5, 0, 0, 1, 1, 0, 6, 4, 7, 0, 0, 1], 1.0, 0.047054290771484375, 0]
[[0, 4, 3, 5, 0, 0, 1, 1, 0, 6, 4, 7, 0, 2, 2], 1.005833692712366494, 0.03057694435119629, 0]
[[0, 4, 3, 5, 0, 0, 1, 1, 0, 6, 4, 7, 0, 4, 3], 29.288156569833538958, 0.0358273983001709, 0]
[[0, 4, 3, 5, 0, 0, 1, 1, 0, 6, 4, 7, 0, 6, 4], 1.0000000000000000001, 0.03603315353393555, 0]
[[0, 4, 3, 5, 0, 2, 2, 3, 0, 0, 1, 1, 0, 0, 1], 1.0003854508514141001, 0.03506302833557129, 0]
[[0, 4, 3, 5, 0, 2, 2, 3, 0, 0, 1, 1, 0, 2, 2], 1.0115745859877267032, 0.03403019905090332, 0]
[[0, 4, 3, 5, 0, 2, 2, 3, 0, 0, 1, 1, 0, 4, 3], 1.0911790252597592872, 0.029882192611694336, 0]
[[0, 4, 3, 5, 0, 2, 2, 3, 0, 0, 1, 1, 0, 6, 4], 1.0, 0.03006267547607422, 0]
[[0, 4, 3, 5, 0, 2, 2, 3, 0, 2, 2, 3, 0, 0, 1], 1.0003854508514141002, 0.04503679275512695, 0]
[[0, 4, 3, 5, 0, 2, 2, 3, 0, 2, 2, 3, 0, 2, 2], 8.911798540848764518, 0.030040264129638672, 0]
[[0, 4, 3, 5, 0, 2, 2, 3, 0, 2, 2, 3, 0, 4, 3], 3.1347804594893301916, 0.028264522552490234, 0]
[[0, 4, 3, 5, 0, 2, 2, 3, 0, 2, 2, 3, 0, 6, 4], 1.0084209942958735698, 0.027959585189819336, 0]
[[0, 4, 3, 5, 0, 2, 2, 3, 0, 4, 3, 5, 0, 0, 1], 1.0, 0.027926206588745117, 0]
[[0, 4, 3, 5, 0, 2, 2, 3, 0, 4, 3, 5, 0, 2, 2], 1.2246713120658138035, 0.028744220733642578, 0]
[[0, 4, 3, 5, 0, 2, 2, 3, 0, 4, 3, 5, 0, 4, 3], 177.64917663406659955, 0.03605771064758301, 0]
[[0, 4, 3, 5, 0, 2, 2, 3, 0, 4, 3, 5, 0, 6, 4], 1.0000410288438470697, 0.03016972541809082, 0]
[[0, 4, 3, 5, 0, 2, 2, 3, 0, 6, 4, 7, 0, 0, 1], 1.0, 0.03305625915527344, 0]
[[0, 4, 3, 5, 0, 2, 2, 3, 0, 6, 4, 7, 0, 2, 2], 1.0060079375244450539, 0.03106546401977539, 0]
[[0, 4, 3, 5, 0, 2, 2, 3, 0, 6, 4, 7, 0, 4, 3], 29.294526283035040139, 0.029251813888549805, 0]
[[0, 4, 3, 5, 0, 2, 2, 3, 0, 6, 4, 7, 0, 6, 4], 1.0000011396446474026, 0.028994321823120117, 0]
[[0, 4, 3, 5, 0, 4, 3, 5, 0, 0, 1, 1, 0, 0, 1], 1.0147997105834374792, 0.0272979736328125, 0]
[[0, 4, 3, 5, 0, 4, 3, 5, 0, 0, 1, 1, 0, 2, 2], 1.0140722439556763836, 0.027564048767089844, 0]
[[0, 4, 3, 5, 0, 4, 3, 5, 0, 0, 1, 1, 0, 4, 3], 1.1034276642958471306, 0.03006148338317871, 0]
[[0, 4, 3, 5, 0, 4, 3, 5, 0, 0, 1, 1, 0, 6, 4], 1.0001415257424877376, 0.0330357551574707, 0]
[[0, 4, 3, 5, 0, 4, 3, 5, 0, 2, 2, 3, 0, 0, 1], 1.0003350011346812626, 0.041396141052246094, 0]
[[0, 4, 3, 5, 0, 4, 3, 5, 0, 2, 2, 3, 0, 2, 2], 1.2846344128255121979, 0.03506064414978027, 0]
[[0, 4, 3, 5, 0, 4, 3, 5, 0, 2, 2, 3, 0, 4, 3], 2.3039864710940848606, 0.04002857208251953, 0]
[[0, 4, 3, 5, 0, 4, 3, 5, 0, 2, 2, 3, 0, 6, 4], 1.0032118577364313981, 0.029047489166259766, 0]
[[0, 4, 3, 5, 0, 4, 3, 5, 0, 4, 3, 5, 0, 0, 1], -1, 0.04017281532287598, 0]
[[0, 4, 3, 5, 0, 4, 3, 5, 0, 4, 3, 5, 0, 2, 2], -1, 0.03699469566345215, 0]
[[0, 4, 3, 5, 0, 4, 3, 5, 0, 4, 3, 5, 0, 4, 3], -1, 0.04211592674255371, 0]
[[0, 4, 3, 5, 0, 4, 3, 5, 0, 4, 3, 5, 0, 6, 4], -1, 0.0339205265045166, 0]
[[0, 4, 3, 5, 0, 4, 3, 5, 0, 6, 4, 7, 0, 0, 1], 1.0000144040331292762, 0.03125739097595215, 0]
[[0, 4, 3, 5, 0, 4, 3, 5, 0, 6, 4, 7, 0, 2, 2], 1.0134115709871259633, 0.03190755844116211, 0]
[[0, 4, 3, 5, 0, 4, 3, 5, 0, 6, 4, 7, 0, 4, 3], 29.445146262868827976, 0.03334951400756836, 0]
[[0, 4, 3, 5, 0, 4, 3, 5, 0, 6, 4, 7, 0, 6, 4], 1.0001467822797694316, 0.03296089172363281, 0]
[[0, 4, 3, 5, 0, 6, 4, 7, 0, 0, 1, 1, 0, 0, 1], 1.000014404033129276, 0.03296208381652832, 0]
[[0, 4, 3, 5, 0, 6, 4, 7, 0, 0, 1, 1, 0, 2, 2], 1.0115684968034246871, 0.035973548889160156, 0]
[[0, 4, 3, 5, 0, 6, 4, 7, 0, 0, 1, 1, 0, 4, 3], 1.0910057215904904722, 0.03997445106506348, 0]
[[0, 4, 3, 5, 0, 6, 4, 7, 0, 0, 1, 1, 0, 6, 4], 1.0, 0.03600168228149414, 0]
[[0, 4, 3, 5, 0, 6, 4, 7, 0, 2, 2, 3, 0, 0, 1], 1.0000000000000000001, 0.0271608829498291, 0]
[[0, 4, 3, 5, 0, 6, 4, 7, 0, 2, 2, 3, 0, 2, 2], 1.1545717723838502383, 0.05105257034301758, 0]
[[0, 4, 3, 5, 0, 6, 4, 7, 0, 2, 2, 3, 0, 4, 3], 2.065959621778022307, 0.029214859008789062, 0]
[[0, 4, 3, 5, 0, 6, 4, 7, 0, 2, 2, 3, 0, 6, 4], 1.0000027858026128421, 0.02973318099975586, 0]
[[0, 4, 3, 5, 0, 6, 4, 7, 0, 4, 3, 5, 0, 0, 1], nan, 0.05735588073730469, 0]
[[0, 4, 3, 5, 0, 6, 4, 7, 0, 4, 3, 5, 0, 2, 2], 4.6635851194754107383, 0.03901076316833496, 0]
[[0, 4, 3, 5, 0, 6, 4, 7, 0, 4, 3, 5, 0, 4, 3], 2464.3420472502904197, 0.04000067710876465, 0]
[[0, 4, 3, 5, 0, 6, 4, 7, 0, 4, 3, 5, 0, 6, 4], 1.1036734490805819169e+416, 0.039803266525268555, 0]
[[0, 4, 3, 5, 0, 6, 4, 7, 0, 6, 4, 7, 0, 0, 1], 1.0, 0.03090381622314453, 0]
[[0, 4, 3, 5, 0, 6, 4, 7, 0, 6, 4, 7, 0, 2, 2], 1.0058341251857807665, 0.031144380569458008, 0]
[[0, 4, 3, 5, 0, 6, 4, 7, 0, 6, 4, 7, 0, 4, 3], 29.287932049292443157, 0.03275656700134277, 0]
[[0, 4, 3, 5, 0, 6, 4, 7, 0, 6, 4, 7, 0, 6, 4], 1.0000000000000000001, 0.043070316314697266, 0]
[[0, 6, 4, 7, 0, 0, 1, 1, 0, 2, 2, 3, 0, 0, 1], 1.0, 0.02469158172607422, 0]
[[0, 6, 4, 7, 0, 0, 1, 1, 0, 2, 2, 3, 0, 2, 2], 1.1362963953480122669, 0.025103330612182617, 0]
[[0, 6, 4, 7, 0, 0, 1, 1, 0, 2, 2, 3, 0, 4, 3], 2.0721455299817705129, 0.02996683120727539, 0]
[[0, 6, 4, 7, 0, 0, 1, 1, 0, 2, 2, 3, 0, 6, 4], 1.0, 0.0249636173248291, 0]
[[0, 6, 4, 7, 0, 0, 1, 1, 0, 4, 3, 5, 0, 0, 1], 1.0, 0.033052682876586914, 0]
[[0, 6, 4, 7, 0, 0, 1, 1, 0, 4, 3, 5, 0, 2, 2], 1.1188759823384213861, 0.030632972717285156, 0]
[[0, 6, 4, 7, 0, 0, 1, 1, 0, 4, 3, 5, 0, 4, 3], 104.168676383661500805, 0.029618024826049805, 0]
[[0, 6, 4, 7, 0, 0, 1, 1, 0, 4, 3, 5, 0, 6, 4], 1.0000000000000000007, 0.03599810600280762, 0]
[[0, 6, 4, 7, 0, 0, 1, 1, 0, 6, 4, 7, 0, 0, 1], 1.0, 0.026993989944458008, 0]
[[0, 6, 4, 7, 0, 0, 1, 1, 0, 6, 4, 7, 0, 2, 2], 1.005833692712366494, 0.027414798736572266, 0]
[[0, 6, 4, 7, 0, 0, 1, 1, 0, 6, 4, 7, 0, 4, 3], 29.287918432033067993, 0.02895188331604004, 0]
[[0, 6, 4, 7, 0, 0, 1, 1, 0, 6, 4, 7, 0, 6, 4], 1.0000000000000000001, 0.028647899627685547, 0]
[[0, 6, 4, 7, 0, 2, 2, 3, 0, 0, 1, 1, 0, 0, 1], 1.0000000000000000002, 0.022663354873657227, 0]
[[0, 6, 4, 7, 0, 2, 2, 3, 0, 0, 1, 1, 0, 2, 2], 1.0115682068440959875, 0.023378610610961914, 0]
[[0, 6, 4, 7, 0, 2, 2, 3, 0, 0, 1, 1, 0, 4, 3], 1.0910028223900414172, 0.026650667190551758, 0]
[[0, 6, 4, 7, 0, 2, 2, 3, 0, 0, 1, 1, 0, 6, 4], 1.0, 0.026387929916381836, 0]
[[0, 6, 4, 7, 0, 2, 2, 3, 0, 2, 2, 3, 0, 0, 1], 1.0, 0.02325129508972168, 0]
[[0, 6, 4, 7, 0, 2, 2, 3, 0, 2, 2, 3, 0, 2, 2], 2.5425878081469697532, 0.02340221405029297, 0]
[[0, 6, 4, 7, 0, 2, 2, 3, 0, 2, 2, 3, 0, 4, 3], 2.3171435743593272894, 0.025114774703979492, 0]
[[0, 6, 4, 7, 0, 2, 2, 3, 0, 2, 2, 3, 0, 6, 4], 1.0000930162111616161, 0.026728153228759766, 0]
[[0, 6, 4, 7, 0, 2, 2, 3, 0, 4, 3, 5, 0, 0, 1], 1.0000000000000000001, 0.03131103515625, 0]
[[0, 6, 4, 7, 0, 2, 2, 3, 0, 4, 3, 5, 0, 2, 2], 1.2337573636191975612, 0.028183937072753906, 0]
[[0, 6, 4, 7, 0, 2, 2, 3, 0, 4, 3, 5, 0, 4, 3], 181.5586272473336201, 0.0299527645111084, 0]
[[0, 6, 4, 7, 0, 2, 2, 3, 0, 4, 3, 5, 0, 6, 4], 1.0000000000000000011, 0.035083770751953125, 0]
[[0, 6, 4, 7, 0, 2, 2, 3, 0, 6, 4, 7, 0, 0, 1], 1.0, 0.028018712997436523, 0]
[[0, 6, 4, 7, 0, 2, 2, 3, 0, 6, 4, 7, 0, 2, 2], 1.005833692712366494, 0.033094167709350586, 0]
[[0, 6, 4, 7, 0, 2, 2, 3, 0, 6, 4, 7, 0, 4, 3], 29.287918432033067993, 0.03590130805969238, 0]
[[0, 6, 4, 7, 0, 2, 2, 3, 0, 6, 4, 7, 0, 6, 4], 1.0000000000000000001, 0.03589987754821777, 0]
[[0, 6, 4, 7, 0, 4, 3, 5, 0, 0, 1, 1, 0, 0, 1], 1.000010802985945315, 0.027216434478759766, 0]
[[0, 6, 4, 7, 0, 4, 3, 5, 0, 0, 1, 1, 0, 2, 2], 1.0115687867629196165, 0.03191661834716797, 0]
[[0, 6, 4, 7, 0, 4, 3, 5, 0, 0, 1, 1, 0, 4, 3], 1.0910099735040825703, 0.03023052215576172, 0]
[[0, 6, 4, 7, 0, 4, 3, 5, 0, 0, 1, 1, 0, 6, 4], 1.0, 0.036971092224121094, 0]
[[0, 6, 4, 7, 0, 4, 3, 5, 0, 2, 2, 3, 0, 0, 1], 1.0000000000000000001, 0.03296256065368652, 0]
[[0, 6, 4, 7, 0, 4, 3, 5, 0, 2, 2, 3, 0, 2, 2], 1.185691340258830451, 0.05090594291687012, 0]
[[0, 6, 4, 7, 0, 4, 3, 5, 0, 2, 2, 3, 0, 4, 3], 2.4188900373516666162, 0.030205965042114258, 0]
[[0, 6, 4, 7, 0, 4, 3, 5, 0, 2, 2, 3, 0, 6, 4], 1.0, 0.034346818923950195, 0]
[[0, 6, 4, 7, 0, 4, 3, 5, 0, 4, 3, 5, 0, 0, 1], -1, 0.03224802017211914, 0]
[[0, 6, 4, 7, 0, 4, 3, 5, 0, 4, 3, 5, 0, 2, 2], -1, 0.03197455406188965, 0]
[[0, 6, 4, 7, 0, 4, 3, 5, 0, 4, 3, 5, 0, 4, 3], -1, 0.03395199775695801, 0]
[[0, 6, 4, 7, 0, 4, 3, 5, 0, 4, 3, 5, 0, 6, 4], -1, 0.03404378890991211, 0]
[[0, 6, 4, 7, 0, 4, 3, 5, 0, 6, 4, 7, 0, 0, 1], 1.0, 0.031053781509399414, 0]
[[0, 6, 4, 7, 0, 4, 3, 5, 0, 6, 4, 7, 0, 2, 2], 1.005833692712366494, 0.03896212577819824, 0]
[[0, 6, 4, 7, 0, 4, 3, 5, 0, 6, 4, 7, 0, 4, 3], 29.287918764161194782, 0.033530473709106445, 0]
[[0, 6, 4, 7, 0, 4, 3, 5, 0, 6, 4, 7, 0, 6, 4], 1.0000000000000000001, 0.03302121162414551, 0]
[[0, 6, 4, 7, 0, 6, 4, 7, 0, 0, 1, 1, 0, 0, 1], 1.0000000000000000002, 0.02716994285583496, 0]
[[0, 6, 4, 7, 0, 6, 4, 7, 0, 0, 1, 1, 0, 2, 2], 1.0115682068440959875, 0.02876758575439453, 0]
[[0, 6, 4, 7, 0, 6, 4, 7, 0, 0, 1, 1, 0, 4, 3], 1.0910028223900414172, 0.029572486877441406, 0]
[[0, 6, 4, 7, 0, 6, 4, 7, 0, 0, 1, 1, 0, 6, 4], 1.0, 0.028780221939086914, 0]
[[0, 6, 4, 7, 0, 6, 4, 7, 0, 2, 2, 3, 0, 0, 1], 1.0000000000000000001, 0.02693963050842285, 0]
[[0, 6, 4, 7, 0, 6, 4, 7, 0, 2, 2, 3, 0, 2, 2], 1.1353215333538142772, 0.02759528160095215, 0]
[[0, 6, 4, 7, 0, 6, 4, 7, 0, 2, 2, 3, 0, 4, 3], 2.0643998657452310693, 0.02896261215209961, 0]
[[0, 6, 4, 7, 0, 6, 4, 7, 0, 2, 2, 3, 0, 6, 4], 1.0000000000000000001, 0.03585362434387207, 0]
[[0, 6, 4, 7, 0, 6, 4, 7, 0, 4, 3, 5, 0, 0, 1], nan, 0.056572675704956055, 0]
[[0, 6, 4, 7, 0, 6, 4, 7, 0, 4, 3, 5, 0, 2, 2], 4.6630965244070317613, 0.03603625297546387, 0]
[[0, 6, 4, 7, 0, 6, 4, 7, 0, 4, 3, 5, 0, 4, 3], 2451.978290695255151, 0.03350996971130371, 0]
[[0, 6, 4, 7, 0, 6, 4, 7, 0, 4, 3, 5, 0, 6, 4], 1.1036732394482310357e+416, 0.04227042198181152, 0]
[[0, 6, 4, 7, 0, 6, 4, 7, 0, 6, 4, 7, 0, 0, 1], 1.0, 0.03047800064086914, 0]
[[0, 6, 4, 7, 0, 6, 4, 7, 0, 6, 4, 7, 0, 2, 2], 1.005833692712366494, 0.030843734741210938, 0]
[[0, 6, 4, 7, 0, 6, 4, 7, 0, 6, 4, 7, 0, 4, 3], 29.287918432033067993, 0.03294062614440918, 0]
[[0, 6, 4, 7, 0, 6, 4, 7, 0, 6, 4, 7, 0, 6, 4], 1.0000000000000000001, 0.04495835304260254, 0]
[[1, 1, 0, 0, 1, 1, 0, 0, 1, 1, 0, 0, 1, 1, 0], 10.501685247601763028, 0.02096080780029297, 0]
[[1, 1, 0, 0, 1, 1, 0, 0, 1, 1, 0, 2, 2, 3, 0], 4.7977138962660058744, 0.021240711212158203, 0]
[[1, 1, 0, 0, 1, 1, 0, 0, 1, 1, 0, 4, 3, 5, 0], 9.350904442161103013, 0.035013675689697266, 0]
[[1, 1, 0, 0, 1, 1, 0, 0, 1, 1, 0, 6, 4, 7, 0], 1.1506992393096102483, 0.022252798080444336, 0]
[[1, 1, 0, 0, 1, 1, 0, 2, 2, 3, 0, 0, 1, 1, 0], 1.3127106559502203785, 0.01874995231628418, 0]
[[1, 1, 0, 0, 1, 1, 0, 2, 2, 3, 0, 2, 2, 3, 0], 5.3676841532119164823, 0.019186735153198242, 0]
[[1, 1, 0, 0, 1, 1, 0, 2, 2, 3, 0, 4, 3, 5, 0], 7.423372730973317435, 0.022729873657226562, 0]
[[1, 1, 0, 0, 1, 1, 0, 2, 2, 3, 0, 6, 4, 7, 0], 1.1503470317960659103, 0.022479534149169922, 0]
[[1, 1, 0, 0, 1, 1, 0, 4, 3, 5, 0, 0, 1, 1, 0], 1.3127106559502203785, 0.023035287857055664, 0]
[[1, 1, 0, 0, 1, 1, 0, 4, 3, 5, 0, 2, 2, 3, 0], 5.166962469157179343, 0.022829532623291016, 0]
[[1, 1, 0, 0, 1, 1, 0, 4, 3, 5, 0, 4, 3, 5, 0], 2.476669091845220889e+66, 0.028629302978515625, 0]
[[1, 1, 0, 0, 1, 1, 0, 4, 3, 5, 0, 6, 4, 7, 0], 1.1503594589788826382, 0.027092933654785156, 0]
[[1, 1, 0, 0, 1, 1, 0, 6, 4, 7, 0, 0, 1, 1, 0], 1.3127106559502203785, 0.022229433059692383, 0]
[[1, 1, 0, 0, 1, 1, 0, 6, 4, 7, 0, 2, 2, 3, 0], 4.6282300579033791377, 0.022567033767700195, 0]
[[1, 1, 0, 0, 1, 1, 0, 6, 4, 7, 0, 4, 3, 5, 0], 98.659002520705797616, 0.027065753936767578, 0]
[[1, 1, 0, 0, 1, 1, 0, 6, 4, 7, 0, 6, 4, 7, 0], 1.1503470317960659103, 0.030109882354736328, 0]
[[1, 1, 0, 2, 2, 3, 0, 0, 1, 1, 0, 0, 1, 1, 0], 1.3127106559502203785, 0.018579483032226562, 0]
[[1, 1, 0, 2, 2, 3, 0, 0, 1, 1, 0, 2, 2, 3, 0], 4.6642540258692708785, 0.01942157745361328, 0]
[[1, 1, 0, 2, 2, 3, 0, 0, 1, 1, 0, 4, 3, 5, 0], 4.227443609022556391, 0.023148775100708008, 0]
[[1, 1, 0, 2, 2, 3, 0, 0, 1, 1, 0, 6, 4, 7, 0], 1.1503470317960659103, 0.02261662483215332, 0]
[[1, 1, 0, 2, 2, 3, 0, 2, 2, 3, 0, 0, 1, 1, 0], 1.3127106559502203785, 0.019272327423095703, 0]
[[1, 1, 0, 2, 2, 3, 0, 2, 2, 3, 0, 2, 2, 3, 0], 5.480311431629867508, 0.01939988136291504, 0]
[[1, 1, 0, 2, 2, 3, 0, 2, 2, 3, 0, 4, 3, 5, 0], 8.0418772537167188385, 0.029148101806640625, 0]
[[1, 1, 0, 2, 2, 3, 0, 2, 2, 3, 0, 6, 4, 7, 0], 1.1503470317960659103, 0.023101091384887695, 0]
[[1, 1, 0, 2, 2, 3, 0, 4, 3, 5, 0, 0, 1, 1, 0], 1.3127106559502203785, 0.030122041702270508, 0]
[[1, 1, 0, 2, 2, 3, 0, 4, 3, 5, 0, 2, 2, 3, 0], 5.6875810215193155304, 0.027709245681762695, 0]
[[1, 1, 0, 2, 2, 3, 0, 4, 3, 5, 0, 4, 3, 5, 0], -1, 0.030740022659301758, 0]
[[1, 1, 0, 2, 2, 3, 0, 4, 3, 5, 0, 6, 4, 7, 0], 1.1503470317960659103, 0.02745676040649414, 0]
[[1, 1, 0, 2, 2, 3, 0, 6, 4, 7, 0, 0, 1, 1, 0], 1.3127106559502203785, 0.022715330123901367, 0]
[[1, 1, 0, 2, 2, 3, 0, 6, 4, 7, 0, 2, 2, 3, 0], 4.6282300579033791377, 0.0229647159576416, 0]
[[1, 1, 0, 2, 2, 3, 0, 6, 4, 7, 0, 4, 3, 5, 0], 98.657581453634085204, 0.027226686477661133, 0]
[[1, 1, 0, 2, 2, 3, 0, 6, 4, 7, 0, 6, 4, 7, 0], 1.1503470317960659103, 0.051041364669799805, 0]
[[1, 1, 0, 4, 3, 5, 0, 0, 1, 1, 0, 0, 1, 1, 0], 1.3127106559502203785, 0.026922941207885742, 0]
[[1, 1, 0, 4, 3, 5, 0, 0, 1, 1, 0, 2, 2, 3, 0], 4.6642540258692708785, 0.02345442771911621, 0]
[[1, 1, 0, 4, 3, 5, 0, 0, 1, 1, 0, 4, 3, 5, 0], 4.227443609022556391, 0.032929420471191406, 0]
[[1, 1, 0, 4, 3, 5, 0, 0, 1, 1, 0, 6, 4, 7, 0], 1.1503470317960659103, 0.042055368423461914, 0]
[[1, 1, 0, 4, 3, 5, 0, 2, 2, 3, 0, 0, 1, 1, 0], 1.3127106559502203785, 0.02315211296081543, 0]
[[1, 1, 0, 4, 3, 5, 0, 2, 2, 3, 0, 2, 2, 3, 0], 5.2723727688556050967, 0.02379131317138672, 0]
[[1, 1, 0, 4, 3, 5, 0, 2, 2, 3, 0, 4, 3, 5, 0], 7.670977011494252872, 0.04803943634033203, 0]
[[1, 1, 0, 4, 3, 5, 0, 2, 2, 3, 0, 6, 4, 7, 0], 1.1503470317960659103, 0.03275299072265625, 0]
[[1, 1, 0, 4, 3, 5, 0, 4, 3, 5, 0, 0, 1, 1, 0], -1, 0.05188250541687012, 0]
[[1, 1, 0, 4, 3, 5, 0, 4, 3, 5, 0, 2, 2, 3, 0], 47.25653573589145277, 0.034928321838378906, 0]
[[1, 1, 0, 4, 3, 5, 0, 4, 3, 5, 0, 4, 3, 5, 0], -1, 0.0389559268951416, 0]
[[1, 1, 0, 4, 3, 5, 0, 4, 3, 5, 0, 6, 4, 7, 0], 1.1503470317960659103, 0.031785011291503906, 0]
[[1, 1, 0, 4, 3, 5, 0, 6, 4, 7, 0, 0, 1, 1, 0], 1.3127106559502203785, 0.027571439743041992, 0]
[[1, 1, 0, 4, 3, 5, 0, 6, 4, 7, 0, 2, 2, 3, 0], 4.6282300579033791377, 0.02747488021850586, 0]
[[1, 1, 0, 4, 3, 5, 0, 6, 4, 7, 0, 4, 3, 5, 0], 98.657581453634085204, 0.03185868263244629, 0]
[[1, 1, 0, 4, 3, 5, 0, 6, 4, 7, 0, 6, 4, 7, 0], 1.1503470317960659103, 0.03164243698120117, 0]
[[1, 1, 0, 6, 4, 7, 0, 0, 1, 1, 0, 0, 1, 1, 0], 1.3127106559502203785, 0.029474258422851562, 0]
[[1, 1, 0, 6, 4, 7, 0, 0, 1, 1, 0, 2, 2, 3, 0], 4.6642540258692708785, 0.026951313018798828, 0]
[[1, 1, 0, 6, 4, 7, 0, 0, 1, 1, 0, 4, 3, 5, 0], 4.227443609022556391, 0.027066469192504883, 0]
[[1, 1, 0, 6, 4, 7, 0, 0, 1, 1, 0, 6, 4, 7, 0], 1.1503470317960659103, 0.03719758987426758, 0]
[[1, 1, 0, 6, 4, 7, 0, 2, 2, 3, 0, 0, 1, 1, 0], 1.3127106559502203785, 0.09604477882385254, 0]
[[1, 1, 0, 6, 4, 7, 0, 2, 2, 3, 0, 2, 2, 3, 0], 5.218369198859217008, 0.033058881759643555, 0]
[[1, 1, 0, 6, 4, 7, 0, 2, 2, 3, 0, 4, 3, 5, 0], 7.420512488116843834, 0.027830839157104492, 0]
[[1, 1, 0, 6, 4, 7, 0, 2, 2, 3, 0, 6, 4, 7, 0], 1.1503470317960659103, 0.03307008743286133, 0]
[[1, 1, 0, 6, 4, 7, 0, 4, 3, 5, 0, 0, 1, 1, 0], -1, 0.045485496520996094, 0]
[[1, 1, 0, 6, 4, 7, 0, 4, 3, 5, 0, 2, 2, 3, 0], 21.45017716705556996, 0.04785919189453125, 0]
[[1, 1, 0, 6, 4, 7, 0, 4, 3, 5, 0, 4, 3, 5, 0], -1, 0.04211115837097168, 0]
[[1, 1, 0, 6, 4, 7, 0, 4, 3, 5, 0, 6, 4, 7, 0], -1, 0.031218767166137695, 0]
[[1, 1, 0, 6, 4, 7, 0, 6, 4, 7, 0, 0, 1, 1, 0], 1.3127106559502203785, 0.026784420013427734, 0]
[[1, 1, 0, 6, 4, 7, 0, 6, 4, 7, 0, 2, 2, 3, 0], 4.6282300579033791377, 0.03294539451599121, 0]
[[1, 1, 0, 6, 4, 7, 0, 6, 4, 7, 0, 4, 3, 5, 0], 98.657581453634085204, 0.03448629379272461, 0]
[[1, 1, 0, 6, 4, 7, 0, 6, 4, 7, 0, 6, 4, 7, 0], 1.1503470317960659103, 0.03905534744262695, 0]
[[2, 3, 0, 0, 1, 1, 0, 0, 1, 1, 0, 0, 1, 1, 0], 1.3455003678657476864, 0.0249788761138916, 0]
[[2, 3, 0, 0, 1, 1, 0, 0, 1, 1, 0, 2, 2, 3, 0], 3.9154281261579152956, 0.023947715759277344, 0]
[[2, 3, 0, 0, 1, 1, 0, 0, 1, 1, 0, 4, 3, 5, 0], 3.728320144352393473, 0.023409366607666016, 0]
[[2, 3, 0, 0, 1, 1, 0, 0, 1, 1, 0, 6, 4, 7, 0], 1.0341041308139360531, 0.0230715274810791, 0]
[[2, 3, 0, 0, 1, 1, 0, 2, 2, 3, 0, 0, 1, 1, 0], 1.1017608067747569874, 0.019629240036010742, 0]
[[2, 3, 0, 0, 1, 1, 0, 2, 2, 3, 0, 2, 2, 3, 0], 4.403044968463103287, 0.020119428634643555, 0]
[[2, 3, 0, 0, 1, 1, 0, 2, 2, 3, 0, 4, 3, 5, 0], 6.29234239069756376, 0.023571252822875977, 0]
[[2, 3, 0, 0, 1, 1, 0, 2, 2, 3, 0, 6, 4, 7, 0], 1.0341096887003783359, 0.02307438850402832, 0]
[[2, 3, 0, 0, 1, 1, 0, 4, 3, 5, 0, 0, 1, 1, 0], 1.1017608067747569874, 0.023389816284179688, 0]
[[2, 3, 0, 0, 1, 1, 0, 4, 3, 5, 0, 2, 2, 3, 0], 4.354995388625064939, 0.02908921241760254, 0]
[[2, 3, 0, 0, 1, 1, 0, 4, 3, 5, 0, 4, 3, 5, 0], 2.2167184965737491101e+83, 0.028150320053100586, 0]
[[2, 3, 0, 0, 1, 1, 0, 4, 3, 5, 0, 6, 4, 7, 0], 1.0341090958591578258, 0.027474164962768555, 0]
[[2, 3, 0, 0, 1, 1, 0, 6, 4, 7, 0, 0, 1, 1, 0], 1.1017608067747569874, 0.02880549430847168, 0]
[[2, 3, 0, 0, 1, 1, 0, 6, 4, 7, 0, 2, 2, 3, 0], 3.88962040258191083, 0.023262977600097656, 0]
[[2, 3, 0, 0, 1, 1, 0, 6, 4, 7, 0, 4, 3, 5, 0], 82.93404300023318439, 0.02762126922607422, 0]
[[2, 3, 0, 0, 1, 1, 0, 6, 4, 7, 0, 6, 4, 7, 0], 1.0341096887003783359, 0.027047157287597656, 0]
[[2, 3, 0, 2, 2, 3, 0, 0, 1, 1, 0, 0, 1, 1, 0], 1.3455003678657476864, 0.0207974910736084, 0]
[[2, 3, 0, 2, 2, 3, 0, 0, 1, 1, 0, 2, 2, 3, 0], 3.9513782087926322625, 0.025184154510498047, 0]
[[2, 3, 0, 2, 2, 3, 0, 0, 1, 1, 0, 4, 3, 5, 0], 3.9471722378673344176, 0.02364492416381836, 0]
[[2, 3, 0, 2, 2, 3, 0, 0, 1, 1, 0, 6, 4, 7, 0], 1.0341041308139360531, 0.02394580841064453, 0]
[[2, 3, 0, 2, 2, 3, 0, 2, 2, 3, 0, 0, 1, 1, 0], 1.5999593234210718156, 0.02392292022705078, 0]
[[2, 3, 0, 2, 2, 3, 0, 2, 2, 3, 0, 2, 2, 3, 0], 2095.926338835594734, 0.020100116729736328, 0]
[[2, 3, 0, 2, 2, 3, 0, 2, 2, 3, 0, 4, 3, 5, 0], 56.975422957423438822, 0.027861595153808594, 0]
[[2, 3, 0, 2, 2, 3, 0, 2, 2, 3, 0, 6, 4, 7, 0], 2.5291997395990990622, 0.02432084083557129, 0]
[[2, 3, 0, 2, 2, 3, 0, 4, 3, 5, 0, 0, 1, 1, 0], 1.3670782866016428755, 0.0252530574798584, 0]
[[2, 3, 0, 2, 2, 3, 0, 4, 3, 5, 0, 2, 2, 3, 0], 5.709100015030444714, 0.024419069290161133, 0]
[[2, 3, 0, 2, 2, 3, 0, 4, 3, 5, 0, 4, 3, 5, 0], 30743253097236.826212, 0.03270578384399414, 0]
[[2, 3, 0, 2, 2, 3, 0, 4, 3, 5, 0, 6, 4, 7, 0], 1.1553296625901764866, 0.02758932113647461, 0]
[[2, 3, 0, 2, 2, 3, 0, 6, 4, 7, 0, 0, 1, 1, 0], 1.3101241122477951039, 0.02298736572265625, 0]
[[2, 3, 0, 2, 2, 3, 0, 6, 4, 7, 0, 2, 2, 3, 0], 4.7159900761876057244, 0.02329087257385254, 0]
[[2, 3, 0, 2, 2, 3, 0, 6, 4, 7, 0, 4, 3, 5, 0], 100.31324804500411317, 0.029778480529785156, 0]
[[2, 3, 0, 2, 2, 3, 0, 6, 4, 7, 0, 6, 4, 7, 0], 1.1501567539048539373, 0.04802298545837402, 0]
[[2, 3, 0, 4, 3, 5, 0, 0, 1, 1, 0, 0, 1, 1, 0], 1.1496569385218666595, 0.0278165340423584, 0]
[[2, 3, 0, 4, 3, 5, 0, 0, 1, 1, 0, 2, 2, 3, 0], 3.9491110664120636963, 0.02376079559326172, 0]
[[2, 3, 0, 4, 3, 5, 0, 0, 1, 1, 0, 4, 3, 5, 0], 3.7617446406202918396, 0.027909040451049805, 0]
[[2, 3, 0, 4, 3, 5, 0, 0, 1, 1, 0, 6, 4, 7, 0], 1.0341066503891232213, 0.027492284774780273, 0]
[[2, 3, 0, 4, 3, 5, 0, 2, 2, 3, 0, 0, 1, 1, 0], 1.3101241122477951039, 0.030472278594970703, 0]
[[2, 3, 0, 4, 3, 5, 0, 2, 2, 3, 0, 2, 2, 3, 0], 5.859872954037158098, 0.024063825607299805, 0]
[[2, 3, 0, 4, 3, 5, 0, 2, 2, 3, 0, 4, 3, 5, 0], 7.3623343809558222045, 0.02803206443786621, 0]
[[2, 3, 0, 4, 3, 5, 0, 2, 2, 3, 0, 6, 4, 7, 0], 1.1501440610057027732, 0.03332042694091797, 0]
[[2, 3, 0, 4, 3, 5, 0, 4, 3, 5, 0, 0, 1, 1, 0], -1, 0.04250359535217285, 0]
[[2, 3, 0, 4, 3, 5, 0, 4, 3, 5, 0, 2, 2, 3, 0], 14.708344830064388627, 0.028090953826904297, 0]
[[2, 3, 0, 4, 3, 5, 0, 4, 3, 5, 0, 4, 3, 5, 0], -1, 0.032912492752075195, 0]
[[2, 3, 0, 4, 3, 5, 0, 4, 3, 5, 0, 6, 4, 7, 0], 1.1501429895400257918, 0.031980037689208984, 0]
[[2, 3, 0, 4, 3, 5, 0, 6, 4, 7, 0, 0, 1, 1, 0], 1.3101241122477951039, 0.029909849166870117, 0]
[[2, 3, 0, 4, 3, 5, 0, 6, 4, 7, 0, 2, 2, 3, 0], 4.6266230115535267827, 0.02771139144897461, 0]
[[2, 3, 0, 4, 3, 5, 0, 6, 4, 7, 0, 4, 3, 5, 0], 98.6496766611501162, 0.04202556610107422, 0]
[[2, 3, 0, 4, 3, 5, 0, 6, 4, 7, 0, 6, 4, 7, 0], 1.1501406817745788983, 0.031161785125732422, 0]
[[2, 3, 0, 6, 4, 7, 0, 0, 1, 1, 0, 0, 1, 1, 0], 1.1017608067747569874, 0.022913217544555664, 0]
[[2, 3, 0, 6, 4, 7, 0, 0, 1, 1, 0, 2, 2, 3, 0], 3.9478262620581877293, 0.0268709659576416, 0]
[[2, 3, 0, 6, 4, 7, 0, 0, 1, 1, 0, 4, 3, 5, 0], 3.7064216554424317786, 0.02922844886779785, 0]
[[2, 3, 0, 6, 4, 7, 0, 0, 1, 1, 0, 6, 4, 7, 0], 1.0341096887003783359, 0.027121305465698242, 0]
[[2, 3, 0, 6, 4, 7, 0, 2, 2, 3, 0, 0, 1, 1, 0], 1.3101241122477951039, 0.02425527572631836, 0]
[[2, 3, 0, 6, 4, 7, 0, 2, 2, 3, 0, 2, 2, 3, 0], 5.3150802399825209064, 0.023791074752807617, 0]
[[2, 3, 0, 6, 4, 7, 0, 2, 2, 3, 0, 4, 3, 5, 0], 7.3824525564374788244, 0.027819395065307617, 0]
[[2, 3, 0, 6, 4, 7, 0, 2, 2, 3, 0, 6, 4, 7, 0], 1.1501406817745788983, 0.027468204498291016, 0]
[[2, 3, 0, 6, 4, 7, 0, 4, 3, 5, 0, 0, 1, 1, 0], -1, 0.05193734169006348, 0]
[[2, 3, 0, 6, 4, 7, 0, 4, 3, 5, 0, 2, 2, 3, 0], 17.678251603425418324, 0.027527570724487305, 0]
[[2, 3, 0, 6, 4, 7, 0, 4, 3, 5, 0, 4, 3, 5, 0], 4.823189737864892518e+1276, 0.03896832466125488, 0]
[[2, 3, 0, 6, 4, 7, 0, 4, 3, 5, 0, 6, 4, 7, 0], -1, 0.04195857048034668, 0]
[[2, 3, 0, 6, 4, 7, 0, 6, 4, 7, 0, 0, 1, 1, 0], 1.3101241122477951039, 0.02975630760192871, 0]
[[2, 3, 0, 6, 4, 7, 0, 6, 4, 7, 0, 2, 2, 3, 0], 4.626389270482777539, 0.02761554718017578, 0]
[[2, 3, 0, 6, 4, 7, 0, 6, 4, 7, 0, 4, 3, 5, 0], 98.63938373097941757, 0.032053470611572266, 0]
[[2, 3, 0, 6, 4, 7, 0, 6, 4, 7, 0, 6, 4, 7, 0], 1.1501406817745788983, 0.04006695747375488, 0]
[[3, 5, 0, 0, 1, 1, 0, 0, 1, 1, 0, 0, 1, 1, 0], 3.6725644535733515377, 0.020825862884521484, 0]
[[3, 5, 0, 0, 1, 1, 0, 0, 1, 1, 0, 2, 2, 3, 0], 3.3306967637167639064, 0.021129369735717773, 0]
[[3, 5, 0, 0, 1, 1, 0, 0, 1, 1, 0, 4, 3, 5, 0], 4.8903752286561604635, 0.02565312385559082, 0]
[[3, 5, 0, 0, 1, 1, 0, 0, 1, 1, 0, 6, 4, 7, 0], 1.2306253948900682303, 0.025216102600097656, 0]
[[3, 5, 0, 0, 1, 1, 0, 2, 2, 3, 0, 0, 1, 1, 0], 1.0804840274281474115, 0.02150130271911621, 0]
[[3, 5, 0, 0, 1, 1, 0, 2, 2, 3, 0, 2, 2, 3, 0], 3.742214667380271731, 0.021433353424072266, 0]
[[3, 5, 0, 0, 1, 1, 0, 2, 2, 3, 0, 4, 3, 5, 0], 5.269233192043279445, 0.025829315185546875, 0]
[[3, 5, 0, 0, 1, 1, 0, 2, 2, 3, 0, 6, 4, 7, 0], 1.2307523883913362162, 0.02585434913635254, 0]
[[3, 5, 0, 0, 1, 1, 0, 4, 3, 5, 0, 2, 2, 3, 0], 3.6433127108893483255, 0.0258939266204834, 0]
[[3, 5, 0, 0, 1, 1, 0, 4, 3, 5, 0, 4, 3, 5, 0], 1.0882915306305236602e+62, 0.03777360916137695, 0]
[[3, 5, 0, 0, 1, 1, 0, 4, 3, 5, 0, 6, 4, 7, 0], 1.2307443213242153352, 0.03583168983459473, 0]
[[3, 5, 0, 0, 1, 1, 0, 6, 4, 7, 0, 0, 1, 1, 0], 1.0804840274281474115, 0.024950027465820312, 0]
[[3, 5, 0, 0, 1, 1, 0, 6, 4, 7, 0, 2, 2, 3, 0], 3.2682610146183313363, 0.07385993003845215, 0]
[[3, 5, 0, 0, 1, 1, 0, 6, 4, 7, 0, 4, 3, 5, 0], 69.68345302406864684, 0.031125545501708984, 0]
[[3, 5, 0, 0, 1, 1, 0, 6, 4, 7, 0, 6, 4, 7, 0], 1.2307523883913362162, 0.03885483741760254, 0]
[[3, 5, 0, 2, 2, 3, 0, 0, 1, 1, 0, 0, 1, 1, 0], 1.0741307850441127502, 0.02127385139465332, 0]
[[3, 5, 0, 2, 2, 3, 0, 0, 1, 1, 0, 2, 2, 3, 0], 3.3529096928307397885, 0.021698951721191406, 0]
[[3, 5, 0, 2, 2, 3, 0, 0, 1, 1, 0, 4, 3, 5, 0], 3.322509528826472454, 0.026050806045532227, 0]
[[3, 5, 0, 2, 2, 3, 0, 0, 1, 1, 0, 6, 4, 7, 0], 1.2307523697821848416, 0.02677178382873535, 0]
[[3, 5, 0, 2, 2, 3, 0, 2, 2, 3, 0, 0, 1, 1, 0], 1.3177800349716031347, 0.021317005157470703, 0]
[[3, 5, 0, 2, 2, 3, 0, 2, 2, 3, 0, 2, 2, 3, 0], 75.59866921261709838, 0.02259540557861328, 0]
[[3, 5, 0, 2, 2, 3, 0, 2, 2, 3, 0, 4, 3, 5, 0], 10.300781716528900664, 0.02629566192626953, 0]
[[3, 5, 0, 2, 2, 3, 0, 2, 2, 3, 0, 6, 4, 7, 0], 1.1955857246024459665, 0.02552056312561035, 0]
[[3, 5, 0, 2, 2, 3, 0, 4, 3, 5, 0, 0, 1, 1, 0], 1.3100975405712396552, 0.025791406631469727, 0]
[[3, 5, 0, 2, 2, 3, 0, 4, 3, 5, 0, 2, 2, 3, 0], 4.976201300485950391, 0.029728412628173828, 0]
[[3, 5, 0, 2, 2, 3, 0, 4, 3, 5, 0, 4, 3, 5, 0], 265.57428097848771462, 0.05700516700744629, 0]
[[3, 5, 0, 2, 2, 3, 0, 4, 3, 5, 0, 6, 4, 7, 0], 1.1501113867409065154, 0.039087772369384766, 0]
[[3, 5, 0, 2, 2, 3, 0, 6, 4, 7, 0, 0, 1, 1, 0], 1.3100314928752017882, 0.025132417678833008, 0]
[[3, 5, 0, 2, 2, 3, 0, 6, 4, 7, 0, 2, 2, 3, 0], 4.6265755234714481745, 0.02990436553955078, 0]
[[3, 5, 0, 2, 2, 3, 0, 6, 4, 7, 0, 4, 3, 5, 0], 98.71064578786896566, 0.0297701358795166, 0]
[[3, 5, 0, 2, 2, 3, 0, 6, 4, 7, 0, 6, 4, 7, 0], 1.1501032178598029309, 0.030938148498535156, 0]
[[3, 5, 0, 4, 3, 5, 0, 0, 1, 1, 0, 0, 1, 1, 0], 1.0098737569898328358, 0.0256497859954834, 0]
[[3, 5, 0, 4, 3, 5, 0, 0, 1, 1, 0, 2, 2, 3, 0], 3.3570069091852823694, 0.025752544403076172, 0]
[[3, 5, 0, 4, 3, 5, 0, 0, 1, 1, 0, 4, 3, 5, 0], 3.4541966848380452524, 0.032897233963012695, 0]
[[3, 5, 0, 4, 3, 5, 0, 0, 1, 1, 0, 6, 4, 7, 0], 1.2307392968533441982, 0.02951335906982422, 0]
[[3, 5, 0, 4, 3, 5, 0, 2, 2, 3, 0, 0, 1, 1, 0], 1.3113984023742323663, 0.025362014770507812, 0]
[[3, 5, 0, 4, 3, 5, 0, 2, 2, 3, 0, 2, 2, 3, 0], 6.1959066703880671073, 0.025969982147216797, 0]
[[3, 5, 0, 4, 3, 5, 0, 2, 2, 3, 0, 4, 3, 5, 0], 7.6902357170218900006, 0.035948753356933594, 0]
[[3, 5, 0, 4, 3, 5, 0, 2, 2, 3, 0, 6, 4, 7, 0], 1.1583449234414918119, 0.030811548233032227, 0]
[[3, 5, 0, 4, 3, 5, 0, 4, 3, 5, 0, 0, 1, 1, 0], -1, 0.052411556243896484, 0]
[[3, 5, 0, 4, 3, 5, 0, 4, 3, 5, 0, 2, 2, 3, 0], 25.37901773805497896, 0.039032697677612305, 0]
[[3, 5, 0, 4, 3, 5, 0, 4, 3, 5, 0, 4, 3, 5, 0], 2.0499404175167548965e+1479, 0.036581993103027344, 0]
[[3, 5, 0, 4, 3, 5, 0, 4, 3, 5, 0, 6, 4, 7, 0], -1, 0.035650014877319336, 0]
[[3, 5, 0, 4, 3, 5, 0, 6, 4, 7, 0, 0, 1, 1, 0], 1.3100880368598108188, 0.031278133392333984, 0]
[[3, 5, 0, 4, 3, 5, 0, 6, 4, 7, 0, 2, 2, 3, 0], 4.6819917925491462644, 0.03161787986755371, 0]
[[3, 5, 0, 4, 3, 5, 0, 6, 4, 7, 0, 4, 3, 5, 0], 99.135313336153732984, 0.035550832748413086, 0]
[[3, 5, 0, 4, 3, 5, 0, 6, 4, 7, 0, 6, 4, 7, 0], 1.1501244858861500024, 0.035605430603027344, 0]
[[3, 5, 0, 6, 4, 7, 0, 0, 1, 1, 0, 0, 1, 1, 0], 1.0804373932551008118, 0.026644229888916016, 0]
[[3, 5, 0, 6, 4, 7, 0, 0, 1, 1, 0, 2, 2, 3, 0], 3.3528918603463704143, 0.026361703872680664, 0]
[[3, 5, 0, 6, 4, 7, 0, 0, 1, 1, 0, 4, 3, 5, 0], 3.3194163349261550054, 0.03106093406677246, 0]
[[3, 5, 0, 6, 4, 7, 0, 0, 1, 1, 0, 6, 4, 7, 0], 1.2307523883913362162, 0.033956289291381836, 0]
[[3, 5, 0, 6, 4, 7, 0, 2, 2, 3, 0, 0, 1, 1, 0], 1.3100314928752017882, 0.029455900192260742, 0]
[[3, 5, 0, 6, 4, 7, 0, 2, 2, 3, 0, 2, 2, 3, 0], 5.3398939309890456097, 0.029615402221679688, 0]
[[3, 5, 0, 6, 4, 7, 0, 2, 2, 3, 0, 4, 3, 5, 0], 7.4230889367045247026, 0.03252983093261719, 0]
[[3, 5, 0, 6, 4, 7, 0, 2, 2, 3, 0, 6, 4, 7, 0], 1.1501032135123718231, 0.030736207962036133, 0]
[[3, 5, 0, 6, 4, 7, 0, 4, 3, 5, 0, 0, 1, 1, 0], -1, 0.048309326171875, 0]
[[3, 5, 0, 6, 4, 7, 0, 4, 3, 5, 0, 2, 2, 3, 0], 21.179034525808682135, 0.03001570701599121, 0]
[[3, 5, 0, 6, 4, 7, 0, 4, 3, 5, 0, 4, 3, 5, 0], 3.5712738595627319306e+1397, 0.035822153091430664, 0]
[[3, 5, 0, 6, 4, 7, 0, 4, 3, 5, 0, 6, 4, 7, 0], -1, 0.034075021743774414, 0]
[[3, 5, 0, 6, 4, 7, 0, 6, 4, 7, 0, 0, 1, 1, 0], 1.3100314928752017882, 0.04049801826477051, 0]
[[3, 5, 0, 6, 4, 7, 0, 6, 4, 7, 0, 2, 2, 3, 0], 4.6262054292826444457, 0.03235340118408203, 0]
[[3, 5, 0, 6, 4, 7, 0, 6, 4, 7, 0, 4, 3, 5, 0], 98.63616681531663578, 0.03509402275085449, 0]
[[3, 5, 0, 6, 4, 7, 0, 6, 4, 7, 0, 6, 4, 7, 0], 1.1501032135123718231, 0.033702850341796875, 0]
[[4, 7, 0, 0, 1, 1, 0, 0, 1, 1, 0, 0, 1, 1, 0], 1.2861796337628672351, 0.03106832504272461, 0]
[[4, 7, 0, 0, 1, 1, 0, 0, 1, 1, 0, 2, 2, 3, 0], 4.519767872622203487, 0.020828962326049805, 0]
[[4, 7, 0, 0, 1, 1, 0, 0, 1, 1, 0, 4, 3, 5, 0], 4.057922804703771712, 0.028140783309936523, 0]
[[4, 7, 0, 0, 1, 1, 0, 0, 1, 1, 0, 6, 4, 7, 0], 1.117213890733345759, 0.02459120750427246, 0]
[[4, 7, 0, 0, 1, 1, 0, 2, 2, 3, 0, 0, 1, 1, 0], 1.2725226607000006014, 0.02086782455444336, 0]
[[4, 7, 0, 0, 1, 1, 0, 2, 2, 3, 0, 2, 2, 3, 0], 5.0778460318725609146, 0.021106719970703125, 0]
[[4, 7, 0, 0, 1, 1, 0, 2, 2, 3, 0, 4, 3, 5, 0], 7.2431453143405437924, 0.03304624557495117, 0]
[[4, 7, 0, 0, 1, 1, 0, 2, 2, 3, 0, 6, 4, 7, 0], 1.117213890733345759, 0.03899979591369629, 0]
[[4, 7, 0, 0, 1, 1, 0, 4, 3, 5, 0, 0, 1, 1, 0], 1.2725226607000006014, 0.02520608901977539, 0]
[[4, 7, 0, 0, 1, 1, 0, 4, 3, 5, 0, 2, 2, 3, 0], 5.0054092052536181875, 0.025481462478637695, 0]
[[4, 7, 0, 0, 1, 1, 0, 4, 3, 5, 0, 4, 3, 5, 0], 4.8845722183405382908e+61, 0.02953338623046875, 0]
[[4, 7, 0, 0, 1, 1, 0, 4, 3, 5, 0, 6, 4, 7, 0], 1.117213890733345759, 0.029216766357421875, 0]
[[4, 7, 0, 0, 1, 1, 0, 6, 4, 7, 0, 0, 1, 1, 0], 1.2725226607000006014, 0.02483534812927246, 0]
[[4, 7, 0, 0, 1, 1, 0, 6, 4, 7, 0, 2, 2, 3, 0], 4.4939764467376601157, 0.029506206512451172, 0]
[[4, 7, 0, 0, 1, 1, 0, 6, 4, 7, 0, 4, 3, 5, 0], 95.815570440563958846, 0.0540311336517334, 0]
[[4, 7, 0, 0, 1, 1, 0, 6, 4, 7, 0, 6, 4, 7, 0], 1.117213890733345759, 0.035877227783203125, 0]
[[4, 7, 0, 2, 2, 3, 0, 0, 1, 1, 0, 0, 1, 1, 0], 1.2748912827730561721, 0.023898601531982422, 0]
[[4, 7, 0, 2, 2, 3, 0, 0, 1, 1, 0, 2, 2, 3, 0], 4.535806992535019499, 0.021254301071166992, 0]
[[4, 7, 0, 2, 2, 3, 0, 0, 1, 1, 0, 4, 3, 5, 0], 4.0872671764038110936, 0.025367259979248047, 0]
[[4, 7, 0, 2, 2, 3, 0, 0, 1, 1, 0, 6, 4, 7, 0], 1.1197898591563058132, 0.02547907829284668, 0]
[[4, 7, 0, 2, 2, 3, 0, 2, 2, 3, 0, 0, 1, 1, 0], 1.3101239900306532403, 0.021164417266845703, 0]
[[4, 7, 0, 2, 2, 3, 0, 2, 2, 3, 0, 2, 2, 3, 0], 8.141552172720059903, 0.021600008010864258, 0]
[[4, 7, 0, 2, 2, 3, 0, 2, 2, 3, 0, 4, 3, 5, 0], 7.7531532758998375804, 0.025724411010742188, 0]
[[4, 7, 0, 2, 2, 3, 0, 2, 2, 3, 0, 6, 4, 7, 0], 1.1502090354085051685, 0.029897212982177734, 0]
[[4, 7, 0, 2, 2, 3, 0, 4, 3, 5, 0, 0, 1, 1, 0], 1.3101239900306532403, 0.02580428123474121, 0]
[[4, 7, 0, 2, 2, 3, 0, 4, 3, 5, 0, 2, 2, 3, 0], 5.3859217144776818124, 0.026144742965698242, 0]
[[4, 7, 0, 2, 2, 3, 0, 4, 3, 5, 0, 4, 3, 5, 0], 6.229156943252403756e+195, 0.030858516693115234, 0]
[[4, 7, 0, 2, 2, 3, 0, 4, 3, 5, 0, 6, 4, 7, 0], 1.150102057272688483, 0.03897571563720703, 0]
[[4, 7, 0, 2, 2, 3, 0, 6, 4, 7, 0, 0, 1, 1, 0], 1.3101239900306532403, 0.03003716468811035, 0]
[[4, 7, 0, 2, 2, 3, 0, 6, 4, 7, 0, 2, 2, 3, 0], 4.6260761557852035537, 0.0300750732421875, 0]
[[4, 7, 0, 2, 2, 3, 0, 6, 4, 7, 0, 4, 3, 5, 0], 98.636207291825676376, 0.039031028747558594, 0]
[[4, 7, 0, 2, 2, 3, 0, 6, 4, 7, 0, 6, 4, 7, 0], 1.150102057272688483, 0.03055095672607422, 0]
[[4, 7, 0, 4, 3, 5, 0, 0, 1, 1, 0, 0, 1, 1, 0], 1.2754039125224145544, 0.026233673095703125, 0]
[[4, 7, 0, 4, 3, 5, 0, 0, 1, 1, 0, 2, 2, 3, 0], 4.52595158250653049, 0.029866456985473633, 0]
[[4, 7, 0, 4, 3, 5, 0, 0, 1, 1, 0, 4, 3, 5, 0], 4.0834839873415155285, 0.030757427215576172, 0]
[[4, 7, 0, 4, 3, 5, 0, 0, 1, 1, 0, 6, 4, 7, 0], 1.117213890733345759, 0.03276467323303223, 0]
[[4, 7, 0, 4, 3, 5, 0, 2, 2, 3, 0, 0, 1, 1, 0], 1.3101239900306532403, 0.026508569717407227, 0]
[[4, 7, 0, 4, 3, 5, 0, 2, 2, 3, 0, 2, 2, 3, 0], 5.313054930048557738, 0.027714967727661133, 0]
[[4, 7, 0, 4, 3, 5, 0, 2, 2, 3, 0, 4, 3, 5, 0], 7.868105436784017391, 0.032740116119384766, 0]
[[4, 7, 0, 4, 3, 5, 0, 2, 2, 3, 0, 6, 4, 7, 0], 1.150102057272688483, 0.031061172485351562, 0]
[[4, 7, 0, 4, 3, 5, 0, 4, 3, 5, 0, 0, 1, 1, 0], -1, 0.036072731018066406, 0]
[[4, 7, 0, 4, 3, 5, 0, 4, 3, 5, 0, 2, 2, 3, 0], -1, 0.03139972686767578, 0]
[[4, 7, 0, 4, 3, 5, 0, 4, 3, 5, 0, 4, 3, 5, 0], -1, 0.07497453689575195, 0]
[[4, 7, 0, 4, 3, 5, 0, 4, 3, 5, 0, 6, 4, 7, 0], -1, 0.041863441467285156, 0]
[[4, 7, 0, 4, 3, 5, 0, 6, 4, 7, 0, 0, 1, 1, 0], 1.3101239900306532403, 0.04005074501037598, 0]
[[4, 7, 0, 4, 3, 5, 0, 6, 4, 7, 0, 2, 2, 3, 0], 4.626075862892041269, 0.04298233985900879, 0]
[[4, 7, 0, 4, 3, 5, 0, 6, 4, 7, 0, 4, 3, 5, 0], 98.63595124655479419, 0.0509800910949707, 0]
[[4, 7, 0, 4, 3, 5, 0, 6, 4, 7, 0, 6, 4, 7, 0], 1.150102057272688483, 0.051070213317871094, 0]
[[4, 7, 0, 6, 4, 7, 0, 0, 1, 1, 0, 0, 1, 1, 0], 1.2725226607000006014, 0.04506707191467285, 0]
[[4, 7, 0, 6, 4, 7, 0, 0, 1, 1, 0, 2, 2, 3, 0], 4.5259398337956803083, 0.030553817749023438, 0]
[[4, 7, 0, 6, 4, 7, 0, 0, 1, 1, 0, 4, 3, 5, 0], 4.080923668271347812, 0.036034584045410156, 0]
[[4, 7, 0, 6, 4, 7, 0, 0, 1, 1, 0, 6, 4, 7, 0], 1.117213890733345759, 0.03595542907714844, 0]
[[4, 7, 0, 6, 4, 7, 0, 2, 2, 3, 0, 0, 1, 1, 0], 1.3101239900306532403, 0.02634286880493164, 0]
[[4, 7, 0, 6, 4, 7, 0, 2, 2, 3, 0, 2, 2, 3, 0], 5.2224218893166193, 0.05704188346862793, 0]
[[4, 7, 0, 6, 4, 7, 0, 2, 2, 3, 0, 4, 3, 5, 0], 7.4247067488553060892, 0.03600931167602539, 0]
[[4, 7, 0, 6, 4, 7, 0, 2, 2, 3, 0, 6, 4, 7, 0], 1.150102057272688483, 0.036086082458496094, 0]
[[4, 7, 0, 6, 4, 7, 0, 4, 3, 5, 0, 0, 1, 1, 0], -1, 0.05601906776428223, 0]
[[4, 7, 0, 6, 4, 7, 0, 4, 3, 5, 0, 2, 2, 3, 0], 21.44740586433949777, 0.030372142791748047, 0]
[[4, 7, 0, 6, 4, 7, 0, 4, 3, 5, 0, 4, 3, 5, 0], -1, 0.04189324378967285, 0]
[[4, 7, 0, 6, 4, 7, 0, 4, 3, 5, 0, 6, 4, 7, 0], -1, 0.04185605049133301, 0]
[[4, 7, 0, 6, 4, 7, 0, 6, 4, 7, 0, 0, 1, 1, 0], 1.3101239900306532403, 0.03583812713623047, 0]
[[4, 7, 0, 6, 4, 7, 0, 6, 4, 7, 0, 2, 2, 3, 0], 4.626075862892041269, 0.029794692993164062, 0]
[[4, 7, 0, 6, 4, 7, 0, 6, 4, 7, 0, 4, 3, 5, 0], 98.63593251158716546, 0.04184436798095703, 0]
[[4, 7, 0, 6, 4, 7, 0, 6, 4, 7, 0, 6, 4, 7, 0], 1.150102057272688483, 0.041809797286987305, 0]
