[[0, 0, 1, 1, 0, 0, 1, 1, 0, 0, 1, 1, 0, 0, 1], 1.031489322152363, 0.03184390068054199, 0.031561432]
[[0, 0, 1, 1, 0, 0, 1, 1, 0, 0, 1, 1, 0, 2, 2], 1.061031267309533, 0.03183794021606445, 0.031455908]
[[0, 0, 1, 1, 0, 0, 1, 1, 0, 0, 1, 1, 0, 4, 3], 1.0085091183856116, 0.05726742744445801, 0.056744527]
[[0, 0, 1, 1, 0, 0, 1, 1, 0, 0, 1, 1, 0, 6, 4], 1.0733825237743233, 0.06200599670410156, 0.061476639]
[[0, 0, 1, 1, 0, 0, 1, 1, 0, 2, 2, 3, 0, 0, 1], 1.073505050064659, 0.06494998931884766, 0.064562998]
[[0, 0, 1, 1, 0, 0, 1, 1, 0, 2, 2, 3, 0, 2, 2], 1.061031267309533, 0.11804723739624023, 0.117706111]
[[0, 0, 1, 1, 0, 0, 1, 1, 0, 2, 2, 3, 0, 4, 3], 1.0738623728423788, 0.055388450622558594, 0.05484623]
[[0, 0, 1, 1, 0, 0, 1, 1, 0, 2, 2, 3, 0, 6, 4], 1.07350505006466, 0.04777932167053223, 0.047140443]
[[0, 0, 1, 1, 0, 0, 1, 1, 0, 4, 3, 5, 0, 0, 1], 1.073505050064659, 0.07117652893066406, 0.07045585]
[[0, 0, 1, 1, 0, 0, 1, 1, 0, 4, 3, 5, 0, 2, 2], 1.0737602487523634, 0.09974312782287598, 0.0989737]
[[0, 0, 1, 1, 0, 0, 1, 1, 0, 4, 3, 5, 0, 4, 3], 1.0725205472253991, 0.09668922424316406, 0.095785492]
[[0, 0, 1, 1, 0, 0, 1, 1, 0, 4, 3, 5, 0, 6, 4], 1.0732719989182604, 0.08430647850036621, 0.08339335]
[[0, 0, 1, 1, 0, 0, 1, 1, 0, 6, 4, 7, 0, 0, 1], 1.073505050064659, 0.20749831199645996, 0.20679551]
[[0, 0, 1, 1, 0, 0, 1, 1, 0, 6, 4, 7, 0, 2, 2], 1.0735050500646595, 0.08254265785217285, 0.081819267]
[[0, 0, 1, 1, 0, 0, 1, 1, 0, 6, 4, 7, 0, 4, 3], 1.0735144148251388, 0.09364652633666992, 0.092805737]
[[0, 0, 1, 1, 0, 0, 1, 1, 0, 6, 4, 7, 0, 6, 4], 1.07350505006466, 0.08689546585083008, 0.085975138]
[[0, 0, 1, 1, 0, 2, 2, 3, 0, 0, 1, 1, 0, 0, 1], 1.073505050064659, 0.0372471809387207, 0.036914497]
[[0, 0, 1, 1, 0, 2, 2, 3, 0, 0, 1, 1, 0, 2, 2], 1.0735050500646592, 0.2093029022216797, 0.208892438]
[[0, 0, 1, 1, 0, 2, 2, 3, 0, 0, 1, 1, 0, 4, 3], 1.0735050500646566, 0.054160118103027344, 0.053575353]
[[0, 0, 1, 1, 0, 2, 2, 3, 0, 0, 1, 1, 0, 6, 4], 1.0735050500646597, 0.06599903106689453, 0.065354343]
[[0, 0, 1, 1, 0, 2, 2, 3, 0, 2, 2, 3, 0, 0, 1], 1.073505050064659, 0.32819652557373047, 0.327811731]
[[0, 0, 1, 1, 0, 2, 2, 3, 0, 2, 2, 3, 0, 2, 2], 1.0610312673095332, 0.1203310489654541, 0.119960344]
[[0, 0, 1, 1, 0, 2, 2, 3, 0, 2, 2, 3, 0, 4, 3], 1.0738623728423784, 0.0744318962097168, 0.073826749]
[[0, 0, 1, 1, 0, 2, 2, 3, 0, 2, 2, 3, 0, 6, 4], 1.0735050500646595, 0.04670906066894531, 0.046101155]
[[0, 0, 1, 1, 0, 2, 2, 3, 0, 4, 3, 5, 0, 0, 1], 1.073505050064659, 0.0787656307220459, 0.078063298]
[[0, 0, 1, 1, 0, 2, 2, 3, 0, 4, 3, 5, 0, 2, 2], 1.0735050500646592, 0.0682225227355957, 0.067527999]
[[0, 0, 1, 1, 0, 2, 2, 3, 0, 4, 3, 5, 0, 4, 3], 1.0734685253128189, 0.09485316276550293, 0.094009872]
[[0, 0, 1, 1, 0, 2, 2, 3, 0, 4, 3, 5, 0, 6, 4], 1.07350505006466, 0.08172059059143066, 0.080831331]
[[0, 0, 1, 1, 0, 2, 2, 3, 0, 6, 4, 7, 0, 0, 1], 1.073505050064659, 0.07246112823486328, 0.071719138]
[[0, 0, 1, 1, 0, 2, 2, 3, 0, 6, 4, 7, 0, 2, 2], 1.073505050064659, 0.11705851554870605, 0.116318685]
[[0, 0, 1, 1, 0, 2, 2, 3, 0, 6, 4, 7, 0, 4, 3], 1.073505050064657, 0.07753562927246094, 0.076605057]
[[0, 0, 1, 1, 0, 2, 2, 3, 0, 6, 4, 7, 0, 6, 4], 1.07350505006466, 0.10879755020141602, 0.107914791]
[[0, 0, 1, 1, 0, 4, 3, 5, 0, 0, 1, 1, 0, 0, 1], 1.073505050064659, 0.08732080459594727, 0.086572452]
[[0, 0, 1, 1, 0, 4, 3, 5, 0, 0, 1, 1, 0, 2, 2], 1.073505050064659, 0.19796133041381836, 0.197232979]
[[0, 0, 1, 1, 0, 4, 3, 5, 0, 0, 1, 1, 0, 4, 3], 1.0735050500646568, 0.10877633094787598, 0.107892186]
[[0, 0, 1, 1, 0, 4, 3, 5, 0, 0, 1, 1, 0, 6, 4], 1.0735050500646603, 0.08607840538024902, 0.085140071]
[[0, 0, 1, 1, 0, 4, 3, 5, 0, 2, 2, 3, 0, 0, 1], 1.073505050064659, 0.07326889038085938, 0.072523245]
[[0, 0, 1, 1, 0, 4, 3, 5, 0, 2, 2, 3, 0, 2, 2], 1.0737602487523628, 0.10384392738342285, 0.10311716]
[[0, 0, 1, 1, 0, 4, 3, 5, 0, 2, 2, 3, 0, 4, 3], 1.0735063419750444, 0.10860395431518555, 0.107687999]
[[0, 0, 1, 1, 0, 4, 3, 5, 0, 2, 2, 3, 0, 6, 4], 1.07350505006466, 0.19990205764770508, 0.198968058]
[[0, 0, 1, 1, 0, 4, 3, 5, 0, 4, 3, 5, 0, 0, 1], 1.073505050064659, 0.12471294403076172, 0.123554274]
[[0, 0, 1, 1, 0, 4, 3, 5, 0, 4, 3, 5, 0, 2, 2], 1.0735050500646592, 0.12187337875366211, 0.120777871]
[[0, 0, 1, 1, 0, 4, 3, 5, 0, 4, 3, 5, 0, 4, 3], 1.0728664779929282, 0.1358797550201416, 0.134552316]
[[0, 0, 1, 1, 0, 4, 3, 5, 0, 4, 3, 5, 0, 6, 4], 1.0735050500646603, 0.14295411109924316, 0.141553845]
[[0, 0, 1, 1, 0, 4, 3, 5, 0, 6, 4, 7, 0, 0, 1], 1.073505050064659, 0.1052708625793457, 0.104172961]
[[0, 0, 1, 1, 0, 4, 3, 5, 0, 6, 4, 7, 0, 2, 2], 1.0735050500646592, 0.10629677772521973, 0.105197728]
[[0, 0, 1, 1, 0, 4, 3, 5, 0, 6, 4, 7, 0, 4, 3], 1.0735050500646566, 0.11663627624511719, 0.115362035]
[[0, 0, 1, 1, 0, 4, 3, 5, 0, 6, 4, 7, 0, 6, 4], 1.07350505006466, 0.12477588653564453, 0.123439895]
[[0, 0, 1, 1, 0, 6, 4, 7, 0, 0, 1, 1, 0, 0, 1], 1.073505050064659, 0.0662226676940918, 0.065497282]
[[0, 0, 1, 1, 0, 6, 4, 7, 0, 0, 1, 1, 0, 2, 2], 1.0735050500646592, 0.0818324089050293, 0.08108325]
[[0, 0, 1, 1, 0, 6, 4, 7, 0, 0, 1, 1, 0, 4, 3], 1.0735050500646577, 0.11327838897705078, 0.11237512]
[[0, 0, 1, 1, 0, 6, 4, 7, 0, 0, 1, 1, 0, 6, 4], 1.07350505006466, 0.09586882591247559, 0.094940861]
[[0, 0, 1, 1, 0, 6, 4, 7, 0, 2, 2, 3, 0, 0, 1], 1.073505050064659, 0.0666196346282959, 0.065895705]
[[0, 0, 1, 1, 0, 6, 4, 7, 0, 2, 2, 3, 0, 2, 2], 1.0735050500646592, 0.06816411018371582, 0.067439413]
[[0, 0, 1, 1, 0, 6, 4, 7, 0, 2, 2, 3, 0, 4, 3], 1.0735050500646568, 0.09630060195922852, 0.095399057]
[[0, 0, 1, 1, 0, 6, 4, 7, 0, 2, 2, 3, 0, 6, 4], 1.07350505006466, 0.09253716468811035, 0.091605534]
[[0, 0, 1, 1, 0, 6, 4, 7, 0, 4, 3, 5, 0, 0, 1], 1.073505050064659, 0.10150551795959473, 0.100380764]
[[0, 0, 1, 1, 0, 6, 4, 7, 0, 4, 3, 5, 0, 2, 2], 1.0735050500646592, 0.11398696899414062, 0.112887695]
[[0, 0, 1, 1, 0, 6, 4, 7, 0, 4, 3, 5, 0, 4, 3], 1.0735144148251385, 0.1160285472869873, 0.114806401]
[[0, 0, 1, 1, 0, 6, 4, 7, 0, 4, 3, 5, 0, 6, 4], 1.0735050500646595, 0.1161046028137207, 0.114849544]
[[0, 0, 1, 1, 0, 6, 4, 7, 0, 6, 4, 7, 0, 0, 1], 1.073505050064659, 0.09920144081115723, 0.098033289]
[[0, 0, 1, 1, 0, 6, 4, 7, 0, 6, 4, 7, 0, 2, 2], 1.0735050500646592, 0.12859821319580078, 0.127471122]
[[0, 0, 1, 1, 0, 6, 4, 7, 0, 6, 4, 7, 0, 6, 4], 1.073505050064659, 0.34844183921813965, 0.34702718]
[[0, 2, 2, 3, 0, 0, 1, 1, 0, 0, 1, 1, 0, 0, 1], 1.0238240223544468, 0.04480743408203125, 0.044409061]
[[0, 2, 2, 3, 0, 0, 1, 1, 0, 0, 1, 1, 0, 2, 2], 1.0725834092277429, 0.04403352737426758, 0.043687947]
[[0, 2, 2, 3, 0, 0, 1, 1, 0, 0, 1, 1, 0, 4, 3], 1.0516859732923103, 0.0611569881439209, 0.060625692]
[[0, 2, 2, 3, 0, 0, 1, 1, 0, 0, 1, 1, 0, 6, 4], 1.0735273438291815, 0.2527158260345459, 0.252173504]
[[0, 2, 2, 3, 0, 0, 1, 1, 0, 2, 2, 3, 0, 0, 1], 1.073505050064659, 0.13450360298156738, 0.134131835]
[[0, 2, 2, 3, 0, 0, 1, 1, 0, 2, 2, 3, 0, 2, 2], 1.072583409227743, 0.11294817924499512, 0.112598148]
[[0, 2, 2, 3, 0, 0, 1, 1, 0, 2, 2, 3, 0, 4, 3], 1.0734962496724472, 0.0657193660736084, 0.065096857]
[[0, 2, 2, 3, 0, 0, 1, 1, 0, 2, 2, 3, 0, 6, 4], 1.07350505006466, 0.04767775535583496, 0.047041144]
[[0, 2, 2, 3, 0, 0, 1, 1, 0, 4, 3, 5, 0, 0, 1], 1.073505050064659, 0.18251681327819824, 0.181774659]
[[0, 2, 2, 3, 0, 0, 1, 1, 0, 4, 3, 5, 0, 2, 2], 1.0730872260204563, 0.17191100120544434, 0.171187776]
[[0, 2, 2, 3, 0, 0, 1, 1, 0, 4, 3, 5, 0, 4, 3], 1.0714382495450339, 0.09751510620117188, 0.096607644]
[[0, 2, 2, 3, 0, 0, 1, 1, 0, 4, 3, 5, 0, 6, 4], 1.0735078367345874, 0.08360004425048828, 0.082670334]
[[0, 2, 2, 3, 0, 0, 1, 1, 0, 6, 4, 7, 0, 0, 1], 1.073505050064659, 0.06888628005981445, 0.068183908]
[[0, 2, 2, 3, 0, 0, 1, 1, 0, 6, 4, 7, 0, 2, 2], 1.073505050064659, 0.06767845153808594, 0.066907624]
[[0, 2, 2, 3, 0, 0, 1, 1, 0, 6, 4, 7, 0, 4, 3], 1.0735050703540934, 0.08085489273071289, 0.079960369]
[[0, 2, 2, 3, 0, 0, 1, 1, 0, 6, 4, 7, 0, 6, 4], 1.0735050500646597, 0.08280324935913086, 0.081880687]
[[0, 2, 2, 3, 0, 2, 2, 3, 0, 0, 1, 1, 0, 0, 1], 1.023824022354447, 0.0346987247467041, 0.034368342]
[[0, 2, 2, 3, 0, 2, 2, 3, 0, 0, 1, 1, 0, 2, 2], 1.0725834092277429, 0.03533816337585449, 0.034992583]
[[0, 2, 2, 3, 0, 2, 2, 3, 0, 0, 1, 1, 0, 4, 3], 1.0516859732923105, 0.05229783058166504, 0.051768994]
[[0, 2, 2, 3, 0, 2, 2, 3, 0, 0, 1, 1, 0, 6, 4], 1.073527343829182, 0.04911327362060547, 0.048575086]
[[0, 2, 2, 3, 0, 2, 2, 3, 0, 2, 2, 3, 0, 0, 1], 1.0238240223544468, 0.03599953651428223, 0.035662225]
[[0, 2, 2, 3, 0, 2, 2, 3, 0, 2, 2, 3, 0, 2, 2], 1.034592024711495, 0.03533625602722168, 0.034969352]
[[0, 2, 2, 3, 0, 2, 2, 3, 0, 2, 2, 3, 0, 4, 3], 1.0109626629811337, 0.08347916603088379, 0.082934642]
[[0, 2, 2, 3, 0, 2, 2, 3, 0, 2, 2, 3, 0, 6, 4], 1.1152448467168972, 0.0496218204498291, 0.04907979]
[[0, 2, 2, 3, 0, 2, 2, 3, 0, 4, 3, 5, 0, 0, 1], 1.0754103228689815, 0.0722804069519043, 0.071577558]
[[0, 2, 2, 3, 0, 2, 2, 3, 0, 4, 3, 5, 0, 2, 2], 1.024272678337408, 0.07017326354980469, 0.069484321]
[[0, 2, 2, 3, 0, 2, 2, 3, 0, 4, 3, 5, 0, 4, 3], 1.0102289317574242, 0.08507037162780762, 0.084168469]
[[0, 2, 2, 3, 0, 2, 2, 3, 0, 4, 3, 5, 0, 6, 4], 1.0720023612958274, 0.08432221412658691, 0.083420943]
[[0, 2, 2, 3, 0, 2, 2, 3, 0, 6, 4, 7, 0, 0, 1], 1.073505050064659, 0.0897364616394043, 0.089058474]
[[0, 2, 2, 3, 0, 2, 2, 3, 0, 6, 4, 7, 0, 2, 2], 1.0583986168267203, 0.10294675827026367, 0.102193518]
[[0, 2, 2, 3, 0, 2, 2, 3, 0, 6, 4, 7, 0, 4, 3], 1.0572596284070357, 0.1502830982208252, 0.149336395]
[[0, 2, 2, 3, 0, 2, 2, 3, 0, 6, 4, 7, 0, 6, 4], 1.073490193488025, 0.09825944900512695, 0.09731721]
[[0, 2, 2, 3, 0, 4, 3, 5, 0, 0, 1, 1, 0, 0, 1], 1.0754103228689815, 0.06685686111450195, 0.066104755]
[[0, 2, 2, 3, 0, 4, 3, 5, 0, 0, 1, 1, 0, 2, 2], 1.0735886775938055, 0.07009172439575195, 0.069388932]
[[0, 2, 2, 3, 0, 4, 3, 5, 0, 0, 1, 1, 0, 4, 3], 1.0743679183271657, 0.08513021469116211, 0.084200298]
[[0, 2, 2, 3, 0, 4, 3, 5, 0, 0, 1, 1, 0, 6, 4], 1.0735079726700758, 0.10061287879943848, 0.099725225]
[[0, 2, 2, 3, 0, 4, 3, 5, 0, 2, 2, 3, 0, 0, 1], 1.073505050064659, 0.08701896667480469, 0.086283716]
[[0, 2, 2, 3, 0, 4, 3, 5, 0, 2, 2, 3, 0, 2, 2], 1.0242726783374083, 0.06992912292480469, 0.069215959]
[[0, 2, 2, 3, 0, 4, 3, 5, 0, 2, 2, 3, 0, 4, 3], 1.0719111815071116, 0.10411453247070312, 0.103224117]
[[0, 2, 2, 3, 0, 4, 3, 5, 0, 2, 2, 3, 0, 6, 4], 1.0735102835786479, 0.16952037811279297, 0.168604713]
[[0, 2, 2, 3, 0, 4, 3, 5, 0, 4, 3, 5, 0, 0, 1], 1.073505050064659, 0.1309518814086914, 0.12986029]
[[0, 2, 2, 3, 0, 4, 3, 5, 0, 4, 3, 5, 0, 2, 2], 1.072890129205952, 0.10305929183959961, 0.10188634]
[[0, 2, 2, 3, 0, 4, 3, 5, 0, 4, 3, 5, 0, 4, 3], 1.0727163089383647, 0.13084721565246582, 0.129610586]
[[0, 2, 2, 3, 0, 4, 3, 5, 0, 4, 3, 5, 0, 6, 4], 1.073509399994784, 0.11857962608337402, 0.117297797]
[[0, 2, 2, 3, 0, 4, 3, 5, 0, 6, 4, 7, 0, 0, 1], 1.073505050064659, 0.10139894485473633, 0.100298486]
[[0, 2, 2, 3, 0, 4, 3, 5, 0, 6, 4, 7, 0, 2, 2], 1.0735147431125152, 0.12849855422973633, 0.127400519]
[[0, 2, 2, 3, 0, 4, 3, 5, 0, 6, 4, 7, 0, 4, 3], 1.0735152516902924, 0.11444807052612305, 0.113183943]
[[0, 2, 2, 3, 0, 4, 3, 5, 0, 6, 4, 7, 0, 6, 4], 1.0735051859994427, 0.11414504051208496, 0.112855218]
[[0, 2, 2, 3, 0, 6, 4, 7, 0, 0, 1, 1, 0, 0, 1], 1.073505050064659, 0.06546616554260254, 0.064744557]
[[0, 2, 2, 3, 0, 6, 4, 7, 0, 0, 1, 1, 0, 2, 2], 1.073505050064659, 0.07187700271606445, 0.071150885]
[[0, 2, 2, 3, 0, 6, 4, 7, 0, 0, 1, 1, 0, 4, 3], 1.0735050500646566, 0.09730648994445801, 0.096421517]
[[0, 2, 2, 3, 0, 6, 4, 7, 0, 0, 1, 1, 0, 6, 4], 1.07350505006466, 0.09586930274963379, 0.094903878]
[[0, 2, 2, 3, 0, 6, 4, 7, 0, 2, 2, 3, 0, 0, 1], 1.073505050064659, 0.0677950382232666, 0.067045204]
[[0, 2, 2, 3, 0, 6, 4, 7, 0, 2, 2, 3, 0, 2, 2], 1.0583986168267205, 0.06800150871276855, 0.06726465]
[[0, 2, 2, 3, 0, 6, 4, 7, 0, 2, 2, 3, 0, 4, 3], 1.073530817980855, 0.07901620864868164, 0.078083253]
[[0, 2, 2, 3, 0, 6, 4, 7, 0, 2, 2, 3, 0, 6, 4], 1.073505118032047, 0.08051466941833496, 0.079610734]
[[0, 2, 2, 3, 0, 6, 4, 7, 0, 4, 3, 5, 0, 0, 1], 1.073505050064659, 0.13557648658752441, 0.134463994]
[[0, 2, 2, 3, 0, 6, 4, 7, 0, 4, 3, 5, 0, 2, 2], 1.0735592872256903, 0.2317824363708496, 0.230702757]
[[0, 2, 2, 3, 0, 6, 4, 7, 0, 4, 3, 5, 0, 4, 3], 1.067715804287132, 0.12935662269592285, 0.128122122]
[[0, 2, 2, 3, 0, 6, 4, 7, 0, 4, 3, 5, 0, 6, 4], 1.0735050500646603, 0.13177847862243652, 0.130464344]
[[0, 2, 2, 3, 0, 6, 4, 7, 0, 6, 4, 7, 0, 0, 1], 1.073505050064659, 0.1007835865020752, 0.09965478]
[[0, 2, 2, 3, 0, 6, 4, 7, 0, 6, 4, 7, 0, 2, 2], 1.0735050500646592, 0.16628217697143555, 0.165144107]
[[0, 2, 2, 3, 0, 6, 4, 7, 0, 6, 4, 7, 0, 4, 3], 1.0735050744119812, 0.11825060844421387, 0.116979722]
[[0, 2, 2, 3, 0, 6, 4, 7, 0, 6, 4, 7, 0, 6, 4], 1.0735050500646603, 0.12551307678222656, 0.124293758]
[[0, 4, 3, 5, 0, 0, 1, 1, 0, 0, 1, 1, 0, 0, 1], 1.0490631085861926, 0.07982349395751953, 0.079096745]
[[0, 4, 3, 5, 0, 0, 1, 1, 0, 0, 1, 1, 0, 2, 2], 1.0625423813536499, 0.07166123390197754, 0.07093415]
[[0, 4, 3, 5, 0, 0, 1, 1, 0, 0, 1, 1, 0, 4, 3], 1.0034620861106267, 0.09378457069396973, 0.092909795]
[[0, 4, 3, 5, 0, 0, 1, 1, 0, 0, 1, 1, 0, 6, 4], 1.07281455764693, 0.13419437408447266, 0.133315581]
[[0, 4, 3, 5, 0, 0, 1, 1, 0, 2, 2, 3, 0, 0, 1], 1.073505050064659, 0.07039809226989746, 0.069643093]
[[0, 4, 3, 5, 0, 0, 1, 1, 0, 2, 2, 3, 0, 2, 2], 1.0625423813536503, 0.06826972961425781, 0.067515817]
[[0, 4, 3, 5, 0, 0, 1, 1, 0, 2, 2, 3, 0, 4, 3], 1.0733835748918266, 0.0860750675201416, 0.085159453]
[[0, 4, 3, 5, 0, 0, 1, 1, 0, 2, 2, 3, 0, 6, 4], 1.0735050500646603, 0.1321544647216797, 0.131230001]
[[0, 4, 3, 5, 0, 0, 1, 1, 0, 4, 3, 5, 0, 0, 1], 1.073505050064659, 0.16036510467529297, 0.159282912]
[[0, 4, 3, 5, 0, 0, 1, 1, 0, 4, 3, 5, 0, 4, 3], 1.0703879300169998, 0.11477470397949219, 0.113461058]
[[0, 4, 3, 5, 0, 0, 1, 1, 0, 4, 3, 5, 0, 6, 4], 1.0730840399491692, 0.11585187911987305, 0.11462401]
[[0, 4, 3, 5, 0, 0, 1, 1, 0, 6, 4, 7, 0, 0, 1], 1.073505050064659, 0.13235926628112793, 0.131212488]
[[0, 4, 3, 5, 0, 0, 1, 1, 0, 6, 4, 7, 0, 2, 2], 1.073505050064659, 0.12780117988586426, 0.126691171]
[[0, 4, 3, 5, 0, 0, 1, 1, 0, 6, 4, 7, 0, 4, 3], 1.0735137786512234, 0.13569927215576172, 0.134503066]
[[0, 4, 3, 5, 0, 0, 1, 1, 0, 6, 4, 7, 0, 6, 4], 1.0735050500646597, 0.14487457275390625, 0.14360349]
[[0, 4, 3, 5, 0, 2, 2, 3, 0, 0, 1, 1, 0, 0, 1], 1.073918833500204, 0.17935752868652344, 0.178643409]
[[0, 4, 3, 5, 0, 2, 2, 3, 0, 0, 1, 1, 0, 2, 2], 1.0735118197939335, 0.08812761306762695, 0.087381647]
[[0, 4, 3, 5, 0, 2, 2, 3, 0, 0, 1, 1, 0, 4, 3], 1.0736784269492963, 0.20588040351867676, 0.205028146]
[[0, 4, 3, 5, 0, 2, 2, 3, 0, 0, 1, 1, 0, 6, 4], 1.0735050500646595, 0.10166096687316895, 0.100701959]
[[0, 4, 3, 5, 0, 2, 2, 3, 0, 2, 2, 3, 0, 0, 1], 1.073918833500204, 0.16618800163269043, 0.165488424]
[[0, 4, 3, 5, 0, 2, 2, 3, 0, 2, 2, 3, 0, 2, 2], 1.023854687785852, 0.08770203590393066, 0.08698378]
[[0, 4, 3, 5, 0, 2, 2, 3, 0, 2, 2, 3, 0, 4, 3], 1.0293043582294816, 0.10312652587890625, 0.102210409]
[[0, 4, 3, 5, 0, 2, 2, 3, 0, 2, 2, 3, 0, 6, 4], 1.073068035350356, 0.10088825225830078, 0.099968164]
[[0, 4, 3, 5, 0, 2, 2, 3, 0, 4, 3, 5, 0, 0, 1], 1.073505050064659, 0.12124061584472656, 0.120124663]
[[0, 4, 3, 5, 0, 2, 2, 3, 0, 4, 3, 5, 0, 2, 2], 1.074281995288143, 0.10862493515014648, 0.107524054]
[[0, 4, 3, 5, 0, 2, 2, 3, 0, 4, 3, 5, 0, 4, 3], 1.0718560774744144, 0.13677644729614258, 0.135502456]
[[0, 4, 3, 5, 0, 2, 2, 3, 0, 4, 3, 5, 0, 6, 4], 1.0735490947357278, 0.12138962745666504, 0.120101086]
[[0, 4, 3, 5, 0, 2, 2, 3, 0, 6, 4, 7, 0, 0, 1], 1.073505050064659, 0.11988139152526855, 0.118818072]
[[0, 4, 3, 5, 0, 2, 2, 3, 0, 6, 4, 7, 0, 2, 2], 1.0736910178713344, 0.10314202308654785, 0.102049552]
[[0, 4, 3, 5, 0, 2, 2, 3, 0, 6, 4, 7, 0, 4, 3], 1.0737257438168188, 0.11252093315124512, 0.111245517]
[[0, 4, 3, 5, 0, 2, 2, 3, 0, 6, 4, 7, 0, 6, 4], 1.0735062734789442, 0.1116781234741211, 0.110300508]
[[0, 4, 3, 5, 0, 4, 3, 5, 0, 0, 1, 1, 0, 0, 1], 1.0623819542879689, 0.10040497779846191, 0.099264395]
[[0, 4, 3, 5, 0, 4, 3, 5, 0, 0, 1, 1, 0, 2, 2], 1.0756314081596685, 0.10370826721191406, 0.102589772]
[[0, 4, 3, 5, 0, 4, 3, 5, 0, 0, 1, 1, 0, 4, 3], 1.0725903631500304, 0.1281442642211914, 0.126914968]
[[0, 4, 3, 5, 0, 4, 3, 5, 0, 0, 1, 1, 0, 6, 4], 1.0736569786639347, 0.11550021171569824, 0.114177092]
[[0, 4, 3, 5, 0, 4, 3, 5, 0, 2, 2, 3, 0, 0, 1], 1.0738646754745167, 0.10124635696411133, 0.100080997]
[[0, 4, 3, 5, 0, 4, 3, 5, 0, 2, 2, 3, 0, 2, 2], 1.0615412180322115, 0.12192153930664062, 0.120764487]
[[0, 4, 3, 5, 0, 4, 3, 5, 0, 2, 2, 3, 0, 4, 3], 1.0823541581097147, 0.1543891429901123, 0.153063571]
[[0, 4, 3, 5, 0, 4, 3, 5, 0, 2, 2, 3, 0, 6, 4], 1.0769529955648083, 0.1320633888244629, 0.130692197]
[[0, 4, 3, 5, 0, 4, 3, 5, 0, 4, 3, 5, 0, 0, 1], 1.0842576702060596, 0.13715028762817383, 0.135637797]
[[0, 4, 3, 5, 0, 4, 3, 5, 0, 4, 3, 5, 0, 2, 2], 1.0859523778167774, 0.14974689483642578, 0.148212907]
[[0, 4, 3, 5, 0, 4, 3, 5, 0, 4, 3, 5, 0, 4, 3], 1.0851844313927668, 0.16589832305908203, 0.164177358]
[[0, 4, 3, 5, 0, 4, 3, 5, 0, 4, 3, 5, 0, 6, 4], 1.0858770126818353, 0.14731431007385254, 0.145655632]
[[0, 4, 3, 5, 0, 4, 3, 5, 0, 6, 4, 7, 0, 0, 1], 1.0735205128669647, 0.20187139511108398, 0.200300346]
[[0, 4, 3, 5, 0, 4, 3, 5, 0, 6, 4, 7, 0, 2, 2], 1.0815927594500871, 0.13493108749389648, 0.133413721]
[[0, 4, 3, 5, 0, 4, 3, 5, 0, 6, 4, 7, 0, 4, 3], 1.0792609795407497, 0.1467595100402832, 0.145088707]
[[0, 4, 3, 5, 0, 4, 3, 5, 0, 6, 4, 7, 0, 6, 4], 1.0736626215832523, 0.1464841365814209, 0.14483797]
[[0, 4, 3, 5, 0, 6, 4, 7, 0, 0, 1, 1, 0, 0, 1], 1.0735205128669647, 0.1106419563293457, 0.109512551]
[[0, 4, 3, 5, 0, 6, 4, 7, 0, 0, 1, 1, 0, 2, 2], 1.0735053577777738, 0.10843801498413086, 0.107303442]
[[0, 4, 3, 5, 0, 6, 4, 7, 0, 0, 1, 1, 0, 4, 3], 1.073507902767016, 0.13982343673706055, 0.138543058]
[[0, 4, 3, 5, 0, 6, 4, 7, 0, 0, 1, 1, 0, 6, 4], 1.07350505006466, 0.12196135520935059, 0.120624896]
[[0, 4, 3, 5, 0, 6, 4, 7, 0, 2, 2, 3, 0, 0, 1], 1.073505050064659, 0.11488223075866699, 0.11376165]
[[0, 4, 3, 5, 0, 6, 4, 7, 0, 2, 2, 3, 0, 2, 2], 1.0720291016673371, 0.14117193222045898, 0.139974698]
[[0, 4, 3, 5, 0, 6, 4, 7, 0, 2, 2, 3, 0, 4, 3], 1.0741168294933003, 0.11218094825744629, 0.110900609]
[[0, 4, 3, 5, 0, 6, 4, 7, 0, 2, 2, 3, 0, 6, 4], 1.0735080406378332, 0.11044549942016602, 0.10920943]
[[0, 4, 3, 5, 0, 6, 4, 7, 0, 4, 3, 5, 0, 0, 1], 1.073505050064659, 0.2506594657897949, 0.249088782]
[[0, 4, 3, 5, 0, 6, 4, 7, 0, 4, 3, 5, 0, 2, 2], 1.0736175309602607, 0.14973831176757812, 0.148178989]
[[0, 4, 3, 5, 0, 6, 4, 7, 0, 4, 3, 5, 0, 4, 3], 1.0728430600061911, 0.15221095085144043, 0.15053088]
[[0, 4, 3, 5, 0, 6, 4, 7, 0, 4, 3, 5, 0, 6, 4], 1.073505253966847, 0.15600323677062988, 0.154353791]
[[0, 4, 3, 5, 0, 6, 4, 7, 0, 6, 4, 7, 0, 0, 1], 1.073505050064659, 0.12957191467285156, 0.128093227]
[[0, 4, 3, 5, 0, 6, 4, 7, 0, 6, 4, 7, 0, 2, 2], 1.0735055116343972, 0.1328587532043457, 0.13131075]
[[0, 4, 3, 5, 0, 6, 4, 7, 0, 6, 4, 7, 0, 4, 3], 1.0735055491850274, 0.14227080345153809, 0.140639931]
[[0, 4, 3, 5, 0, 6, 4, 7, 0, 6, 4, 7, 0, 6, 4], 1.0735050500646601, 0.1605672836303711, 0.158916968]
[[0, 6, 4, 7, 0, 0, 1, 1, 0, 2, 2, 3, 0, 0, 1], 1.073505050064659, 0.061521291732788086, 0.06080353]
[[0, 6, 4, 7, 0, 0, 1, 1, 0, 2, 2, 3, 0, 2, 2], 1.0735108197149152, 0.06197094917297363, 0.061261091]
[[0, 6, 4, 7, 0, 0, 1, 1, 0, 2, 2, 3, 0, 4, 3], 1.073505066296207, 0.0886533260345459, 0.087728234]
[[0, 6, 4, 7, 0, 0, 1, 1, 0, 2, 2, 3, 0, 6, 4], 1.07350505006466, 0.07536649703979492, 0.074472943]
[[0, 6, 4, 7, 0, 0, 1, 1, 0, 4, 3, 5, 0, 0, 1], 1.073505050064659, 0.11661005020141602, 0.115511427]
[[0, 6, 4, 7, 0, 0, 1, 1, 0, 4, 3, 5, 0, 2, 2], 1.073508204132448, 0.10023713111877441, 0.099070484]
[[0, 6, 4, 7, 0, 0, 1, 1, 0, 4, 3, 5, 0, 4, 3], 1.073516469081002, 0.12585067749023438, 0.124599212]
[[0, 6, 4, 7, 0, 0, 1, 1, 0, 4, 3, 5, 0, 6, 4], 1.0735050500646603, 0.12408638000488281, 0.122777011]
[[0, 6, 4, 7, 0, 0, 1, 1, 0, 6, 4, 7, 0, 0, 1], 1.073505050064659, 0.0969231128692627, 0.095790281]
[[0, 6, 4, 7, 0, 0, 1, 1, 0, 6, 4, 7, 0, 2, 2], 1.073505050064659, 0.09688115119934082, 0.095785594]
[[0, 6, 4, 7, 0, 0, 1, 1, 0, 6, 4, 7, 0, 4, 3], 1.0735050500646572, 0.11192011833190918, 0.110615905]
[[0, 6, 4, 7, 0, 0, 1, 1, 0, 6, 4, 7, 0, 6, 4], 1.073505050064659, 0.10961484909057617, 0.108282249]
[[0, 6, 4, 7, 0, 2, 2, 3, 0, 0, 1, 1, 0, 0, 1], 1.073505050064659, 0.06220507621765137, 0.061477318]
[[0, 6, 4, 7, 0, 2, 2, 3, 0, 0, 1, 1, 0, 2, 2], 1.073505050064659, 0.06758236885070801, 0.066828682]
[[0, 6, 4, 7, 0, 2, 2, 3, 0, 0, 1, 1, 0, 4, 3], 1.0735050500646552, 0.07981157302856445, 0.078890327]
[[0, 6, 4, 7, 0, 2, 2, 3, 0, 0, 1, 1, 0, 6, 4], 1.073505050064659, 0.07844042778015137, 0.077520732]
[[0, 6, 4, 7, 0, 2, 2, 3, 0, 2, 2, 3, 0, 0, 1], 1.073505050064659, 0.06285810470581055, 0.062106833]
[[0, 6, 4, 7, 0, 2, 2, 3, 0, 2, 2, 3, 0, 2, 2], 1.0913286937945068, 0.0634000301361084, 0.062568546]
[[0, 6, 4, 7, 0, 2, 2, 3, 0, 2, 2, 3, 0, 4, 3], 1.078195148645495, 0.07697343826293945, 0.07603952]
[[0, 6, 4, 7, 0, 2, 2, 3, 0, 2, 2, 3, 0, 6, 4], 1.0735998441479093, 0.07724928855895996, 0.076347603]
[[0, 6, 4, 7, 0, 2, 2, 3, 0, 4, 3, 5, 0, 0, 1], 1.073505050064659, 0.09944772720336914, 0.098360055]
[[0, 6, 4, 7, 0, 2, 2, 3, 0, 4, 3, 5, 0, 2, 2], 1.0735082041324475, 0.1005251407623291, 0.099361095]
[[0, 6, 4, 7, 0, 2, 2, 3, 0, 4, 3, 5, 0, 4, 3], 1.0740149889529156, 0.11362338066101074, 0.112280571]
[[0, 6, 4, 7, 0, 2, 2, 3, 0, 4, 3, 5, 0, 6, 4], 1.0735050500646603, 0.1289207935333252, 0.127705632]
[[0, 6, 4, 7, 0, 2, 2, 3, 0, 6, 4, 7, 0, 0, 1], 1.073505050064659, 0.11070132255554199, 0.109632735]
[[0, 6, 4, 7, 0, 2, 2, 3, 0, 6, 4, 7, 0, 2, 2], 1.0735050500646592, 0.11405301094055176, 0.112953396]
[[0, 6, 4, 7, 0, 2, 2, 3, 0, 6, 4, 7, 0, 4, 3], 1.0735050500646557, 0.11968827247619629, 0.118458591]
[[0, 6, 4, 7, 0, 2, 2, 3, 0, 6, 4, 7, 0, 6, 4], 1.0735050500646606, 0.10707855224609375, 0.105752156]
[[0, 6, 4, 7, 0, 4, 3, 5, 0, 0, 1, 1, 0, 0, 1], 1.0735166471246271, 0.09635257720947266, 0.095208372]
[[0, 6, 4, 7, 0, 4, 3, 5, 0, 0, 1, 1, 0, 2, 2], 1.0735056654910646, 0.21082758903503418, 0.209667988]
[[0, 6, 4, 7, 0, 4, 3, 5, 0, 0, 1, 1, 0, 4, 3], 1.073512086487367, 0.11235189437866211, 0.11110006]
[[0, 6, 4, 7, 0, 4, 3, 5, 0, 0, 1, 1, 0, 6, 4], 1.0735050500646606, 0.12485623359680176, 0.123538603]
[[0, 6, 4, 7, 0, 4, 3, 5, 0, 2, 2, 3, 0, 0, 1], 1.073505050064659, 0.11363863945007324, 0.112510542]
[[0, 6, 4, 7, 0, 4, 3, 5, 0, 2, 2, 3, 0, 2, 2], 1.0737423871977403, 0.40285754203796387, 0.40100921]
[[0, 6, 4, 7, 0, 4, 3, 5, 0, 2, 2, 3, 0, 4, 3], 1.073512678947007, 0.11726999282836914, 0.1159735]
[[0, 6, 4, 7, 0, 4, 3, 5, 0, 2, 2, 3, 0, 6, 4], 1.0735050500646597, 0.12683844566345215, 0.12557804]
[[0, 6, 4, 7, 0, 4, 3, 5, 0, 4, 3, 5, 0, 0, 1], 1.073505050064659, 0.13254189491271973, 0.131028378]
[[0, 6, 4, 7, 0, 4, 3, 5, 0, 4, 3, 5, 0, 2, 2], 1.0735072040601668, 0.13226914405822754, 0.130780586]
[[0, 6, 4, 7, 0, 4, 3, 5, 0, 4, 3, 5, 0, 4, 3], 1.073499979037624, 0.1457054615020752, 0.144072183]
[[0, 6, 4, 7, 0, 4, 3, 5, 0, 4, 3, 5, 0, 6, 4], 1.07350505006466, 0.1446845531463623, 0.142997516]
[[0, 6, 4, 7, 0, 4, 3, 5, 0, 6, 4, 7, 0, 0, 1], 1.073505050064659, 0.1301891803741455, 0.128683198]
[[0, 6, 4, 7, 0, 4, 3, 5, 0, 6, 4, 7, 0, 2, 2], 1.0735050500646592, 0.14093875885009766, 0.139416159]
[[0, 6, 4, 7, 0, 4, 3, 5, 0, 6, 4, 7, 0, 4, 3], 1.0735050622383189, 0.180955171585083, 0.179329844]
[[0, 6, 4, 7, 0, 4, 3, 5, 0, 6, 4, 7, 0, 6, 4], 1.07350505006466, 0.1423327922821045, 0.140646041]
[[0, 6, 4, 7, 0, 6, 4, 7, 0, 0, 1, 1, 0, 0, 1], 1.073505050064659, 0.09456515312194824, 0.093482217]
[[0, 6, 4, 7, 0, 6, 4, 7, 0, 0, 1, 1, 0, 2, 2], 1.0735050500646592, 0.11300301551818848, 0.111910267]
[[0, 6, 4, 7, 0, 6, 4, 7, 0, 0, 1, 1, 0, 4, 3], 1.0735050500646577, 0.1096949577331543, 0.108371198]
[[0, 6, 4, 7, 0, 6, 4, 7, 0, 0, 1, 1, 0, 6, 4], 1.07350505006466, 0.10998368263244629, 0.108678282]
[[0, 6, 4, 7, 0, 6, 4, 7, 0, 2, 2, 3, 0, 0, 1], 1.073505050064659, 0.09519243240356445, 0.094057075]
[[0, 6, 4, 7, 0, 6, 4, 7, 0, 2, 2, 3, 0, 2, 2], 1.0735200512843261, 0.10027575492858887, 0.099125077]
[[0, 6, 4, 7, 0, 6, 4, 7, 0, 2, 2, 3, 0, 4, 3], 1.0735050541225446, 0.10820364952087402, 0.106897139]
[[0, 6, 4, 7, 0, 6, 4, 7, 0, 2, 2, 3, 0, 6, 4], 1.07350505006466, 0.10731959342956543, 0.106031142]
[[0, 6, 4, 7, 0, 6, 4, 7, 0, 4, 3, 5, 0, 0, 1], 1.073505050064659, 0.13274526596069336, 0.131199672]
[[0, 6, 4, 7, 0, 6, 4, 7, 0, 4, 3, 5, 0, 2, 2], 1.0735050500646592, 0.15378022193908691, 0.152275165]
[[0, 6, 4, 7, 0, 6, 4, 7, 0, 4, 3, 5, 0, 4, 3], 1.0735249056744922, 0.18554019927978516, 0.183833097]
[[0, 6, 4, 7, 0, 6, 4, 7, 0, 4, 3, 5, 0, 6, 4], 1.07350505006466, 0.14797115325927734, 0.146198834]
[[0, 6, 4, 7, 0, 6, 4, 7, 0, 6, 4, 7, 0, 0, 1], 1.073505050064659, 0.12359166145324707, 0.12213681]
[[0, 6, 4, 7, 0, 6, 4, 7, 0, 6, 4, 7, 0, 2, 2], 1.0735050500646592, 0.12565231323242188, 0.124168786]
[[0, 6, 4, 7, 0, 6, 4, 7, 0, 6, 4, 7, 0, 4, 3], 1.0735050500646572, 0.1442112922668457, 0.142591476]
[[0, 6, 4, 7, 0, 6, 4, 7, 0, 6, 4, 7, 0, 6, 4], 1.07350505006466, 0.15596222877502441, 0.154294652]
[[1, 1, 0, 0, 1, 1, 0, 0, 1, 1, 0, 0, 1, 1, 0], 1.0, 0.07393836975097656, 0.073613339]
[[1, 1, 0, 0, 1, 1, 0, 0, 1, 1, 0, 2, 2, 3, 0], 1.0459079635705855, 0.03241443634033203, 0.032066222]
[[1, 1, 0, 0, 1, 1, 0, 0, 1, 1, 0, 4, 3, 5, 0], 1.0437414771265987, 0.0667734146118164, 0.066062195]
[[1, 1, 0, 0, 1, 1, 0, 0, 1, 1, 0, 6, 4, 7, 0], 1.042310833211468, 0.0638432502746582, 0.063177481]
[[1, 1, 0, 0, 1, 1, 0, 2, 2, 3, 0, 0, 1, 1, 0], 1.042249543056105, 0.032402992248535156, 0.032046881]
[[1, 1, 0, 0, 1, 1, 0, 2, 2, 3, 0, 2, 2, 3, 0], 1.0459079635705855, 0.033028602600097656, 0.032652233]
[[1, 1, 0, 0, 1, 1, 0, 2, 2, 3, 0, 4, 3, 5, 0], 1.0423242531927792, 0.06468987464904785, 0.063981613]
[[1, 1, 0, 0, 1, 1, 0, 2, 2, 3, 0, 6, 4, 7, 0], 1.0422495430561054, 0.061809539794921875, 0.061123003]
[[1, 1, 0, 0, 1, 1, 0, 4, 3, 5, 0, 0, 1, 1, 0], 1.042249543056105, 0.06967306137084961, 0.068959865]
[[1, 1, 0, 0, 1, 1, 0, 4, 3, 5, 0, 2, 2, 3, 0], 1.0424227090355418, 0.06921577453613281, 0.068492267]
[[1, 1, 0, 0, 1, 1, 0, 4, 3, 5, 0, 4, 3, 5, 0], 1.0424233651309192, 0.10274624824523926, 0.10164503]
[[1, 1, 0, 0, 1, 1, 0, 4, 3, 5, 0, 6, 4, 7, 0], 1.042251059016412, 0.09972405433654785, 0.098562123]
[[1, 1, 0, 0, 1, 1, 0, 6, 4, 7, 0, 0, 1, 1, 0], 1.0422495430561052, 0.06767535209655762, 0.066912406]
[[1, 1, 0, 0, 1, 1, 0, 6, 4, 7, 0, 2, 2, 3, 0], 1.0422495430561052, 0.07998967170715332, 0.079263939]
[[1, 1, 0, 0, 1, 1, 0, 6, 4, 7, 0, 4, 3, 5, 0], 1.0422546868238596, 0.10188961029052734, 0.100773939]
[[1, 1, 0, 0, 1, 1, 0, 6, 4, 7, 0, 6, 4, 7, 0], 1.0422495430561054, 0.10625910758972168, 0.105125891]
[[1, 1, 0, 2, 2, 3, 0, 0, 1, 1, 0, 0, 1, 1, 0], 1.042249543056105, 0.032243967056274414, 0.031913014]
[[1, 1, 0, 2, 2, 3, 0, 0, 1, 1, 0, 2, 2, 3, 0], 1.0422495430561054, 0.03317117691040039, 0.032826146]
[[1, 1, 0, 2, 2, 3, 0, 0, 1, 1, 0, 4, 3, 5, 0], 1.0422495430561054, 0.13219738006591797, 0.131498855]
[[1, 1, 0, 2, 2, 3, 0, 0, 1, 1, 0, 6, 4, 7, 0], 1.042249543056105, 0.06586718559265137, 0.065125809]
[[1, 1, 0, 2, 2, 3, 0, 2, 2, 3, 0, 0, 1, 1, 0], 1.042249543056105, 0.03564095497131348, 0.03528336]
[[1, 1, 0, 2, 2, 3, 0, 2, 2, 3, 0, 2, 2, 3, 0], 1.0459079635705857, 0.03394007682800293, 0.033596203]
[[1, 1, 0, 2, 2, 3, 0, 2, 2, 3, 0, 4, 3, 5, 0], 1.0423242531927794, 0.06963825225830078, 0.068955773]
[[1, 1, 0, 2, 2, 3, 0, 2, 2, 3, 0, 6, 4, 7, 0], 1.042249543056105, 0.0655369758605957, 0.064808691]
[[1, 1, 0, 2, 2, 3, 0, 4, 3, 5, 0, 0, 1, 1, 0], 1.0422495430561052, 0.06768679618835449, 0.06695878]
[[1, 1, 0, 2, 2, 3, 0, 4, 3, 5, 0, 2, 2, 3, 0], 1.042249543056105, 0.07018375396728516, 0.069453787]
[[1, 1, 0, 2, 2, 3, 0, 4, 3, 5, 0, 4, 3, 5, 0], 1.0423107600780468, 0.10091686248779297, 0.099825737]
[[1, 1, 0, 2, 2, 3, 0, 4, 3, 5, 0, 6, 4, 7, 0], 1.0422495430561052, 0.1020357608795166, 0.10088354]
[[1, 1, 0, 2, 2, 3, 0, 6, 4, 7, 0, 0, 1, 1, 0], 1.042249543056105, 0.06501102447509766, 0.064286181]
[[1, 1, 0, 2, 2, 3, 0, 6, 4, 7, 0, 2, 2, 3, 0], 1.042249543056105, 0.0670018196105957, 0.066257869]
[[1, 1, 0, 2, 2, 3, 0, 6, 4, 7, 0, 4, 3, 5, 0], 1.0422495430561052, 0.0982823371887207, 0.097252663]
[[1, 1, 0, 2, 2, 3, 0, 6, 4, 7, 0, 6, 4, 7, 0], 1.0422495430561052, 0.11239314079284668, 0.111282097]
[[1, 1, 0, 4, 3, 5, 0, 0, 1, 1, 0, 0, 1, 1, 0], 1.042249543056105, 0.08150792121887207, 0.08073711]
[[1, 1, 0, 4, 3, 5, 0, 0, 1, 1, 0, 2, 2, 3, 0], 1.0422495430561047, 0.07054924964904785, 0.069813503]
[[1, 1, 0, 4, 3, 5, 0, 0, 1, 1, 0, 4, 3, 5, 0], 1.0422495430561047, 0.11824893951416016, 0.117194629]
[[1, 1, 0, 4, 3, 5, 0, 0, 1, 1, 0, 6, 4, 7, 0], 1.0422495430561052, 0.18578577041625977, 0.184648163]
[[1, 1, 0, 4, 3, 5, 0, 2, 2, 3, 0, 0, 1, 1, 0], 1.0422495430561047, 0.07078218460083008, 0.07007163]
[[1, 1, 0, 4, 3, 5, 0, 2, 2, 3, 0, 2, 2, 3, 0], 1.0424227090355418, 0.07116103172302246, 0.070449767]
[[1, 1, 0, 4, 3, 5, 0, 2, 2, 3, 0, 4, 3, 5, 0], 1.042249543056105, 0.1418595314025879, 0.140722255]
[[1, 1, 0, 4, 3, 5, 0, 2, 2, 3, 0, 6, 4, 7, 0], 1.042249543056105, 0.17981410026550293, 0.178620053]
[[1, 1, 0, 4, 3, 5, 0, 4, 3, 5, 0, 0, 1, 1, 0], 1.0422495430561052, 0.18430066108703613, 0.183163742]
[[1, 1, 0, 4, 3, 5, 0, 4, 3, 5, 0, 2, 2, 3, 0], 1.0422495430561052, 0.11912727355957031, 0.118001022]
[[1, 1, 0, 4, 3, 5, 0, 4, 3, 5, 0, 4, 3, 5, 0], 1.0421782234421189, 0.19814014434814453, 0.196590511]
[[1, 1, 0, 4, 3, 5, 0, 4, 3, 5, 0, 6, 4, 7, 0], 1.042249543056105, 0.1345045566558838, 0.132997611]
[[1, 1, 0, 4, 3, 5, 0, 6, 4, 7, 0, 0, 1, 1, 0], 1.042249543056105, 0.10305929183959961, 0.10189892]
[[1, 1, 0, 4, 3, 5, 0, 6, 4, 7, 0, 2, 2, 3, 0], 1.0422495430561047, 0.10338878631591797, 0.102216009]
[[1, 1, 0, 4, 3, 5, 0, 6, 4, 7, 0, 4, 3, 5, 0], 1.0422495430561054, 0.13391447067260742, 0.13238494]
[[1, 1, 0, 4, 3, 5, 0, 6, 4, 7, 0, 6, 4, 7, 0], 1.0422495430561052, 0.13351035118103027, 0.131964745]
[[1, 1, 0, 6, 4, 7, 0, 0, 1, 1, 0, 0, 1, 1, 0], 1.0422495430561045, 0.06822776794433594, 0.06746358]
[[1, 1, 0, 6, 4, 7, 0, 0, 1, 1, 0, 2, 2, 3, 0], 1.042249543056105, 0.0829319953918457, 0.082183189]
[[1, 1, 0, 6, 4, 7, 0, 0, 1, 1, 0, 4, 3, 5, 0], 1.042249543056105, 0.10383820533752441, 0.102730548]
[[1, 1, 0, 6, 4, 7, 0, 0, 1, 1, 0, 6, 4, 7, 0], 1.0422495430561052, 0.09803414344787598, 0.096862796]
[[1, 1, 0, 6, 4, 7, 0, 2, 2, 3, 0, 0, 1, 1, 0], 1.0422495430561052, 0.25110507011413574, 0.250392262]
[[1, 1, 0, 6, 4, 7, 0, 2, 2, 3, 0, 2, 2, 3, 0], 1.042249543056105, 0.13706541061401367, 0.13628161]
[[1, 1, 0, 6, 4, 7, 0, 2, 2, 3, 0, 4, 3, 5, 0], 1.042249543056105, 0.12799739837646484, 0.126872671]
[[1, 1, 0, 6, 4, 7, 0, 2, 2, 3, 0, 6, 4, 7, 0], 1.042249543056105, 0.12139391899108887, 0.12024705]
[[1, 1, 0, 6, 4, 7, 0, 4, 3, 5, 0, 0, 1, 1, 0], 1.0422495430561052, 0.12214112281799316, 0.121030251]
[[1, 1, 0, 6, 4, 7, 0, 4, 3, 5, 0, 2, 2, 3, 0], 1.0422495430561047, 0.11702585220336914, 0.115821635]
[[1, 1, 0, 6, 4, 7, 0, 4, 3, 5, 0, 4, 3, 5, 0], 1.0422546868238594, 0.14797592163085938, 0.146492237]
[[1, 1, 0, 6, 4, 7, 0, 4, 3, 5, 0, 6, 4, 7, 0], 1.0422495430561052, 0.13184642791748047, 0.130344622]
[[1, 1, 0, 6, 4, 7, 0, 6, 4, 7, 0, 0, 1, 1, 0], 1.042249543056105, 0.10262632369995117, 0.101530804]
[[1, 1, 0, 6, 4, 7, 0, 6, 4, 7, 0, 2, 2, 3, 0], 1.042249543056105, 0.11173033714294434, 0.11057768]
[[1, 1, 0, 6, 4, 7, 0, 6, 4, 7, 0, 4, 3, 5, 0], 1.042249543056105, 0.13446927070617676, 0.132942164]
[[1, 1, 0, 6, 4, 7, 0, 6, 4, 7, 0, 6, 4, 7, 0], 1.0422495430561052, 0.1468818187713623, 0.14534132]
[[2, 3, 0, 0, 1, 1, 0, 0, 1, 1, 0, 0, 1, 1, 0], 1.4424560438336982, 0.12053298950195312, 0.120207603]
[[2, 3, 0, 0, 1, 1, 0, 0, 1, 1, 0, 2, 2, 3, 0], 1.465169014221385, 0.12206602096557617, 0.121694242]
[[2, 3, 0, 0, 1, 1, 0, 0, 1, 1, 0, 4, 3, 5, 0], 1.467633163911633, 0.06952118873596191, 0.068795294]
[[2, 3, 0, 0, 1, 1, 0, 0, 1, 1, 0, 6, 4, 7, 0], 1.464626900467589, 0.07549452781677246, 0.074766133]
[[2, 3, 0, 0, 1, 1, 0, 2, 2, 3, 0, 0, 1, 1, 0], 1.4646242992299447, 0.03551530838012695, 0.035141105]
[[2, 3, 0, 0, 1, 1, 0, 2, 2, 3, 0, 2, 2, 3, 0], 1.465169014221385, 0.034720420837402344, 0.034351405]
[[2, 3, 0, 0, 1, 1, 0, 2, 2, 3, 0, 4, 3, 5, 0], 1.464633535432414, 0.06551790237426758, 0.06480622]
[[2, 3, 0, 0, 1, 1, 0, 2, 2, 3, 0, 6, 4, 7, 0], 1.464624299229944, 0.06288671493530273, 0.062142555]
[[2, 3, 0, 0, 1, 1, 0, 4, 3, 5, 0, 0, 1, 1, 0], 1.4646242992299445, 0.08161449432373047, 0.080859988]
[[2, 3, 0, 0, 1, 1, 0, 4, 3, 5, 0, 2, 2, 3, 0], 1.4646696773388725, 0.07301449775695801, 0.072242504]
[[2, 3, 0, 0, 1, 1, 0, 4, 3, 5, 0, 4, 3, 5, 0], 1.4646833472253573, 0.10399413108825684, 0.102854463]
[[2, 3, 0, 0, 1, 1, 0, 4, 3, 5, 0, 6, 4, 7, 0], 1.4646251388799005, 0.10076785087585449, 0.099603767]
[[2, 3, 0, 0, 1, 1, 0, 6, 4, 7, 0, 0, 1, 1, 0], 1.4646242992299445, 0.06766033172607422, 0.066933001]
[[2, 3, 0, 0, 1, 1, 0, 6, 4, 7, 0, 2, 2, 3, 0], 1.4646242992299445, 0.06781935691833496, 0.067080409]
[[2, 3, 0, 0, 1, 1, 0, 6, 4, 7, 0, 4, 3, 5, 0], 1.4646247190548027, 0.09999823570251465, 0.098890876]
[[2, 3, 0, 0, 1, 1, 0, 6, 4, 7, 0, 6, 4, 7, 0], 1.4646242992299452, 0.09911346435546875, 0.097944121]
[[2, 3, 0, 2, 2, 3, 0, 0, 1, 1, 0, 0, 1, 1, 0], 1.442456043833699, 0.0524144172668457, 0.052046133]
[[2, 3, 0, 2, 2, 3, 0, 0, 1, 1, 0, 2, 2, 3, 0], 1.465169014221385, 0.06409382820129395, 0.063720878]
[[2, 3, 0, 2, 2, 3, 0, 0, 1, 1, 0, 4, 3, 5, 0], 1.467633163911633, 0.06899380683898926, 0.068273217]
[[2, 3, 0, 2, 2, 3, 0, 0, 1, 1, 0, 6, 4, 7, 0], 1.464626900467589, 0.06543827056884766, 0.064688866]
[[2, 3, 0, 2, 2, 3, 0, 2, 2, 3, 0, 0, 1, 1, 0], 1.4424560438336986, 0.04820108413696289, 0.047838399]
[[2, 3, 0, 2, 2, 3, 0, 2, 2, 3, 0, 2, 2, 3, 0], 1.0, 0.03623366355895996, 0.035842303]
[[2, 3, 0, 2, 2, 3, 0, 2, 2, 3, 0, 4, 3, 5, 0], 1.100687132282244, 0.07004117965698242, 0.069309859]
[[2, 3, 0, 2, 2, 3, 0, 2, 2, 3, 0, 6, 4, 7, 0], 1.296418251837952, 0.06454157829284668, 0.063784159]
[[2, 3, 0, 2, 2, 3, 0, 4, 3, 5, 0, 0, 1, 1, 0], 1.4511293920637423, 0.07984256744384766, 0.079116676]
[[2, 3, 0, 2, 2, 3, 0, 4, 3, 5, 0, 2, 2, 3, 0], 1.448167883578918, 0.06923580169677734, 0.068517549]
[[2, 3, 0, 2, 2, 3, 0, 4, 3, 5, 0, 4, 3, 5, 0], 1.4624897262968595, 0.10110664367675781, 0.099962502]
[[2, 3, 0, 2, 2, 3, 0, 4, 3, 5, 0, 6, 4, 7, 0], 1.470827136937874, 0.1046295166015625, 0.103526128]
[[2, 3, 0, 2, 2, 3, 0, 6, 4, 7, 0, 0, 1, 1, 0], 1.4646242992299447, 0.06693363189697266, 0.066200495]
[[2, 3, 0, 2, 2, 3, 0, 6, 4, 7, 0, 2, 2, 3, 0], 1.4726992922812383, 0.06735038757324219, 0.066566449]
[[2, 3, 0, 2, 2, 3, 0, 6, 4, 7, 0, 4, 3, 5, 0], 1.4669525547376356, 0.10269832611083984, 0.101592825]
[[2, 3, 0, 2, 2, 3, 0, 6, 4, 7, 0, 6, 4, 7, 0], 1.464641901254, 0.11958527565002441, 0.118354066]
[[2, 3, 0, 4, 3, 5, 0, 0, 1, 1, 0, 0, 1, 1, 0], 1.4511293920637425, 0.06903648376464844, 0.068289067]
[[2, 3, 0, 4, 3, 5, 0, 0, 1, 1, 0, 2, 2, 3, 0], 1.4650485484313427, 0.07075619697570801, 0.069959235]
[[2, 3, 0, 4, 3, 5, 0, 0, 1, 1, 0, 4, 3, 5, 0], 1.4677340947712958, 0.10235977172851562, 0.101308784]
[[2, 3, 0, 4, 3, 5, 0, 0, 1, 1, 0, 6, 4, 7, 0], 1.4646286024461475, 0.0998833179473877, 0.098626726]
[[2, 3, 0, 4, 3, 5, 0, 2, 2, 3, 0, 0, 1, 1, 0], 1.4646242992299445, 0.09483671188354492, 0.094084879]
[[2, 3, 0, 4, 3, 5, 0, 2, 2, 3, 0, 2, 2, 3, 0], 1.448167883578919, 0.08029413223266602, 0.079477438]
[[2, 3, 0, 4, 3, 5, 0, 2, 2, 3, 0, 4, 3, 5, 0], 1.4658841205625843, 0.10160088539123535, 0.100435205]
[[2, 3, 0, 4, 3, 5, 0, 2, 2, 3, 0, 6, 4, 7, 0], 1.464625822111361, 0.13521027565002441, 0.13404039]
[[2, 3, 0, 4, 3, 5, 0, 4, 3, 5, 0, 0, 1, 1, 0], 1.4646242992299447, 0.10421347618103027, 0.10305503]
[[2, 3, 0, 4, 3, 5, 0, 4, 3, 5, 0, 2, 2, 3, 0], 1.465820049668916, 0.12362527847290039, 0.122458345]
[[2, 3, 0, 4, 3, 5, 0, 4, 3, 5, 0, 4, 3, 5, 0], 1.465172537747434, 0.13680696487426758, 0.13521657]
[[2, 3, 0, 4, 3, 5, 0, 4, 3, 5, 0, 6, 4, 7, 0], 1.4646272380090035, 0.13277196884155273, 0.131169726]
[[2, 3, 0, 4, 3, 5, 0, 6, 4, 7, 0, 0, 1, 1, 0], 1.4646242992299447, 0.10712385177612305, 0.105975747]
[[2, 3, 0, 4, 3, 5, 0, 6, 4, 7, 0, 2, 2, 3, 0], 1.46469829707836, 0.10094356536865234, 0.099851252]
[[2, 3, 0, 4, 3, 5, 0, 6, 4, 7, 0, 4, 3, 5, 0], 1.4647523214378373, 0.14313125610351562, 0.141582116]
[[2, 3, 0, 4, 3, 5, 0, 6, 4, 7, 0, 6, 4, 7, 0], 1.4646242992299445, 0.1286783218383789, 0.12715424]
[[2, 3, 0, 6, 4, 7, 0, 0, 1, 1, 0, 0, 1, 1, 0], 1.4646242992299447, 0.06648135185241699, 0.065741138]
[[2, 3, 0, 6, 4, 7, 0, 0, 1, 1, 0, 2, 2, 3, 0], 1.4646242992299445, 0.1298816204071045, 0.129117649]
[[2, 3, 0, 6, 4, 7, 0, 0, 1, 1, 0, 4, 3, 5, 0], 1.4646242992299452, 0.11109685897827148, 0.110003435]
[[2, 3, 0, 6, 4, 7, 0, 0, 1, 1, 0, 6, 4, 7, 0], 1.4646242992299447, 0.09678936004638672, 0.095653753]
[[2, 3, 0, 6, 4, 7, 0, 2, 2, 3, 0, 0, 1, 1, 0], 1.4646242992299452, 0.07490110397338867, 0.074166629]
[[2, 3, 0, 6, 4, 7, 0, 2, 2, 3, 0, 2, 2, 3, 0], 1.4726992922812394, 0.06742620468139648, 0.06668226]
[[2, 3, 0, 6, 4, 7, 0, 2, 2, 3, 0, 4, 3, 5, 0], 1.4647202777682529, 0.10175466537475586, 0.100613701]
[[2, 3, 0, 6, 4, 7, 0, 2, 2, 3, 0, 6, 4, 7, 0], 1.4646242992299445, 0.12662768363952637, 0.125405414]
[[2, 3, 0, 6, 4, 7, 0, 4, 3, 5, 0, 0, 1, 1, 0], 1.4646242992299447, 0.11292767524719238, 0.111801814]
[[2, 3, 0, 6, 4, 7, 0, 4, 3, 5, 0, 2, 2, 3, 0], 1.464630745673085, 0.09964108467102051, 0.098499596]
[[2, 3, 0, 6, 4, 7, 0, 4, 3, 5, 0, 4, 3, 5, 0], 1.4636306820865868, 0.14341378211975098, 0.141938718]
[[2, 3, 0, 6, 4, 7, 0, 4, 3, 5, 0, 6, 4, 7, 0], 1.4646242992299447, 0.1407012939453125, 0.139160745]
[[2, 3, 0, 6, 4, 7, 0, 6, 4, 7, 0, 0, 1, 1, 0], 1.4646242992299447, 0.10714221000671387, 0.10605558]
[[2, 3, 0, 6, 4, 7, 0, 6, 4, 7, 0, 2, 2, 3, 0], 1.4646242992299445, 0.11381053924560547, 0.112609284]
[[2, 3, 0, 6, 4, 7, 0, 6, 4, 7, 0, 4, 3, 5, 0], 1.464624928967321, 0.12903809547424316, 0.127498159]
[[2, 3, 0, 6, 4, 7, 0, 6, 4, 7, 0, 6, 4, 7, 0], 1.4646242992299445, 0.15521883964538574, 0.153663696]
[[3, 5, 0, 0, 1, 1, 0, 0, 1, 1, 0, 0, 1, 1, 0], 1.1726993012858908, 0.04788970947265625, 0.047383167]
[[3, 5, 0, 0, 1, 1, 0, 0, 1, 1, 0, 2, 2, 3, 0], 1.1739121637710113, 0.05662107467651367, 0.056062558]
[[3, 5, 0, 0, 1, 1, 0, 0, 1, 1, 0, 4, 3, 5, 0], 1.1749571832179138, 0.08364367485046387, 0.082749808]
[[3, 5, 0, 0, 1, 1, 0, 0, 1, 1, 0, 6, 4, 7, 0], 1.1740136507874621, 0.08486533164978027, 0.083921296]
[[3, 5, 0, 0, 1, 1, 0, 2, 2, 3, 0, 0, 1, 1, 0], 1.1740271456526612, 0.04962801933288574, 0.049107984]
[[3, 5, 0, 0, 1, 1, 0, 2, 2, 3, 0, 2, 2, 3, 0], 1.173912163771011, 0.04929184913635254, 0.048750902]
[[3, 5, 0, 0, 1, 1, 0, 2, 2, 3, 0, 4, 3, 5, 0], 1.174023999780695, 0.08157920837402344, 0.080643636]
[[3, 5, 0, 0, 1, 1, 0, 2, 2, 3, 0, 6, 4, 7, 0], 1.1740271456526612, 0.07850837707519531, 0.077596617]
[[3, 5, 0, 0, 1, 1, 0, 4, 3, 5, 0, 2, 2, 3, 0], 1.173889552196026, 0.08637070655822754, 0.08541484]
[[3, 5, 0, 0, 1, 1, 0, 4, 3, 5, 0, 4, 3, 5, 0], 1.1740222556114819, 0.12635326385498047, 0.125145321]
[[3, 5, 0, 0, 1, 1, 0, 4, 3, 5, 0, 6, 4, 7, 0], 1.174024947193669, 0.12938523292541504, 0.12800725]
[[3, 5, 0, 0, 1, 1, 0, 6, 4, 7, 0, 0, 1, 1, 0], 1.1740271456526614, 0.08189678192138672, 0.080931207]
[[3, 5, 0, 0, 1, 1, 0, 6, 4, 7, 0, 2, 2, 3, 0], 1.1740271456526612, 0.10261249542236328, 0.101626844]
[[3, 5, 0, 0, 1, 1, 0, 6, 4, 7, 0, 4, 3, 5, 0], 1.1740258477161478, 0.11943984031677246, 0.118038389]
[[3, 5, 0, 0, 1, 1, 0, 6, 4, 7, 0, 6, 4, 7, 0], 1.1740271456526614, 0.1272902488708496, 0.126002844]
[[3, 5, 0, 2, 2, 3, 0, 0, 1, 1, 0, 0, 1, 1, 0], 1.1798543552733438, 0.05040311813354492, 0.049914071]
[[3, 5, 0, 2, 2, 3, 0, 0, 1, 1, 0, 2, 2, 3, 0], 1.1740334119506493, 0.0520474910736084, 0.051484164]
[[3, 5, 0, 2, 2, 3, 0, 0, 1, 1, 0, 4, 3, 5, 0], 1.1750746182702503, 0.08614253997802734, 0.085216037]
[[3, 5, 0, 2, 2, 3, 0, 0, 1, 1, 0, 6, 4, 7, 0], 1.174027163404119, 0.08144116401672363, 0.080511807]
[[3, 5, 0, 2, 2, 3, 0, 2, 2, 3, 0, 0, 1, 1, 0], 1.1798543552733443, 0.0509648323059082, 0.050399513]
[[3, 5, 0, 2, 2, 3, 0, 2, 2, 3, 0, 2, 2, 3, 0], 1.184737496275206, 0.05077314376831055, 0.050169188]
[[3, 5, 0, 2, 2, 3, 0, 2, 2, 3, 0, 4, 3, 5, 0], 1.2288730718315548, 0.08310770988464355, 0.08221579]
[[3, 5, 0, 2, 2, 3, 0, 2, 2, 3, 0, 6, 4, 7, 0], 1.19300226819083, 0.08139801025390625, 0.080498445]
[[3, 5, 0, 2, 2, 3, 0, 4, 3, 5, 0, 0, 1, 1, 0], 1.1740863364343164, 0.08423137664794922, 0.083313667]
[[3, 5, 0, 2, 2, 3, 0, 4, 3, 5, 0, 2, 2, 3, 0], 1.1756319279123977, 0.08434748649597168, 0.083440148]
[[3, 5, 0, 2, 2, 3, 0, 4, 3, 5, 0, 4, 3, 5, 0], 1.1752935754360712, 0.12816834449768066, 0.126806367]
[[3, 5, 0, 2, 2, 3, 0, 4, 3, 5, 0, 6, 4, 7, 0], 1.1740275908395612, 0.1303846836090088, 0.12911501]
[[3, 5, 0, 2, 2, 3, 0, 6, 4, 7, 0, 0, 1, 1, 0], 1.1740271456526612, 0.08122682571411133, 0.080278361]
[[3, 5, 0, 2, 2, 3, 0, 6, 4, 7, 0, 2, 2, 3, 0], 1.1740971561392666, 0.09467792510986328, 0.093714394]
[[3, 5, 0, 2, 2, 3, 0, 6, 4, 7, 0, 4, 3, 5, 0], 1.1744028099547006, 0.11348128318786621, 0.112150976]
[[3, 5, 0, 2, 2, 3, 0, 6, 4, 7, 0, 6, 4, 7, 0], 1.1740271500905257, 0.12604832649230957, 0.124769829]
[[3, 5, 0, 4, 3, 5, 0, 0, 1, 1, 0, 0, 1, 1, 0], 1.2505432784109036, 0.08510994911193848, 0.084113047]
[[3, 5, 0, 4, 3, 5, 0, 0, 1, 1, 0, 2, 2, 3, 0], 1.1754212223810905, 0.08420300483703613, 0.083256612]
[[3, 5, 0, 4, 3, 5, 0, 0, 1, 1, 0, 4, 3, 5, 0], 1.2117022584320785, 0.11981058120727539, 0.118443658]
[[3, 5, 0, 4, 3, 5, 0, 0, 1, 1, 0, 6, 4, 7, 0], 1.1740396339359396, 0.11576509475708008, 0.114436081]
[[3, 5, 0, 4, 3, 5, 0, 2, 2, 3, 0, 0, 1, 1, 0], 1.1752521458654352, 0.08497881889343262, 0.08403424]
[[3, 5, 0, 4, 3, 5, 0, 2, 2, 3, 0, 2, 2, 3, 0], 1.2747619273332076, 0.09317278861999512, 0.092216651]
[[3, 5, 0, 4, 3, 5, 0, 2, 2, 3, 0, 4, 3, 5, 0], 1.2087491790122564, 0.12723159790039062, 0.125917695]
[[3, 5, 0, 4, 3, 5, 0, 2, 2, 3, 0, 6, 4, 7, 0], 1.1824378753283504, 0.11395883560180664, 0.112600458]
[[3, 5, 0, 4, 3, 5, 0, 4, 3, 5, 0, 0, 1, 1, 0], 1.2186935787765094, 0.11823129653930664, 0.116934256]
[[3, 5, 0, 4, 3, 5, 0, 4, 3, 5, 0, 2, 2, 3, 0], 1.228063802289625, 0.14343929290771484, 0.142102119]
[[3, 5, 0, 4, 3, 5, 0, 4, 3, 5, 0, 4, 3, 5, 0], 1.2283903036620436, 0.1735684871673584, 0.171192854]
[[3, 5, 0, 4, 3, 5, 0, 4, 3, 5, 0, 6, 4, 7, 0], 1.2263513898078096, 0.15358448028564453, 0.151302962]
[[3, 5, 0, 4, 3, 5, 0, 6, 4, 7, 0, 0, 1, 1, 0], 1.1740778193755568, 0.12120842933654785, 0.119411962]
[[3, 5, 0, 4, 3, 5, 0, 6, 4, 7, 0, 2, 2, 3, 0], 1.1881812568265877, 0.12136554718017578, 0.119502582]
[[3, 5, 0, 4, 3, 5, 0, 6, 4, 7, 0, 4, 3, 5, 0], 1.179869818019709, 0.15305399894714355, 0.15063497]
[[3, 5, 0, 4, 3, 5, 0, 6, 4, 7, 0, 6, 4, 7, 0], 1.174048860524835, 0.15186238288879395, 0.149604161]
[[3, 5, 0, 6, 4, 7, 0, 0, 1, 1, 0, 0, 1, 1, 0], 1.1740778193755568, 0.08590340614318848, 0.084639549]
[[3, 5, 0, 6, 4, 7, 0, 0, 1, 1, 0, 2, 2, 3, 0], 1.1740271678419836, 0.08508133888244629, 0.083795614]
[[3, 5, 0, 6, 4, 7, 0, 0, 1, 1, 0, 4, 3, 5, 0], 1.1740366915766163, 0.1185908317565918, 0.116862988]
[[3, 5, 0, 6, 4, 7, 0, 0, 1, 1, 0, 6, 4, 7, 0], 1.174027145652661, 0.12435507774353027, 0.122599281]
[[3, 5, 0, 6, 4, 7, 0, 2, 2, 3, 0, 0, 1, 1, 0], 1.1740271456526612, 0.08682537078857422, 0.085496498]
[[3, 5, 0, 6, 4, 7, 0, 2, 2, 3, 0, 2, 2, 3, 0], 1.1893451405176492, 0.1041116714477539, 0.10280483]
[[3, 5, 0, 6, 4, 7, 0, 2, 2, 3, 0, 4, 3, 5, 0], 1.174199085478344, 0.12158966064453125, 0.11993738]
[[3, 5, 0, 6, 4, 7, 0, 2, 2, 3, 0, 6, 4, 7, 0], 1.1740271456526612, 0.1169123649597168, 0.115220829]
[[3, 5, 0, 6, 4, 7, 0, 4, 3, 5, 0, 0, 1, 1, 0], 1.174027145652661, 0.11774754524230957, 0.116294653]
[[3, 5, 0, 6, 4, 7, 0, 4, 3, 5, 0, 2, 2, 3, 0], 1.1740343955651005, 0.23008275032043457, 0.228634074]
[[3, 5, 0, 6, 4, 7, 0, 4, 3, 5, 0, 4, 3, 5, 0], 1.1746129236642449, 0.16193103790283203, 0.160206514]
[[3, 5, 0, 6, 4, 7, 0, 4, 3, 5, 0, 6, 4, 7, 0], 1.1740271589662545, 0.15433859825134277, 0.152627096]
[[3, 5, 0, 6, 4, 7, 0, 6, 4, 7, 0, 0, 1, 1, 0], 1.1740271456526614, 0.11328577995300293, 0.111928849]
[[3, 5, 0, 6, 4, 7, 0, 6, 4, 7, 0, 2, 2, 3, 0], 1.1740271722798485, 0.12885785102844238, 0.127418566]
[[3, 5, 0, 6, 4, 7, 0, 6, 4, 7, 0, 4, 3, 5, 0], 1.174027691510237, 0.1660304069519043, 0.164244544]
[[3, 5, 0, 6, 4, 7, 0, 6, 4, 7, 0, 6, 4, 7, 0], 1.1740271456526612, 0.15813732147216797, 0.156376311]
[[4, 7, 0, 0, 1, 1, 0, 0, 1, 1, 0, 0, 1, 1, 0], 1.3066032658327988, 0.0932013988494873, 0.092700849]
[[4, 7, 0, 0, 1, 1, 0, 0, 1, 1, 0, 2, 2, 3, 0], 1.294536071204645, 0.04906487464904785, 0.048464934]
[[4, 7, 0, 0, 1, 1, 0, 0, 1, 1, 0, 4, 3, 5, 0], 1.2987549696670042, 0.08571720123291016, 0.084793039]
[[4, 7, 0, 0, 1, 1, 0, 0, 1, 1, 0, 6, 4, 7, 0], 1.2945103195902012, 0.08094263076782227, 0.080025214]
[[4, 7, 0, 0, 1, 1, 0, 2, 2, 3, 0, 0, 1, 1, 0], 1.294510319590201, 0.04858064651489258, 0.048048147]
[[4, 7, 0, 0, 1, 1, 0, 2, 2, 3, 0, 2, 2, 3, 0], 1.294536071204645, 0.049964189529418945, 0.049364213]
[[4, 7, 0, 0, 1, 1, 0, 2, 2, 3, 0, 4, 3, 5, 0], 1.294510319590201, 0.10092854499816895, 0.099979234]
[[4, 7, 0, 0, 1, 1, 0, 2, 2, 3, 0, 6, 4, 7, 0], 1.294510319590201, 0.10083389282226562, 0.099903464]
[[4, 7, 0, 0, 1, 1, 0, 4, 3, 5, 0, 0, 1, 1, 0], 1.2945103195902008, 0.08693718910217285, 0.086001475]
[[4, 7, 0, 0, 1, 1, 0, 4, 3, 5, 0, 2, 2, 3, 0], 1.2945138438799761, 0.08842182159423828, 0.087486989]
[[4, 7, 0, 0, 1, 1, 0, 4, 3, 5, 0, 4, 3, 5, 0], 1.2946697549246688, 0.11818528175354004, 0.11685534]
[[4, 7, 0, 0, 1, 1, 0, 4, 3, 5, 0, 6, 4, 7, 0], 1.2945103195902012, 0.11589765548706055, 0.114553512]
[[4, 7, 0, 0, 1, 1, 0, 6, 4, 7, 0, 0, 1, 1, 0], 1.2945103195902008, 0.08494019508361816, 0.084016546]
[[4, 7, 0, 0, 1, 1, 0, 6, 4, 7, 0, 2, 2, 3, 0], 1.294510319590202, 0.09738492965698242, 0.096388711]
[[4, 7, 0, 0, 1, 1, 0, 6, 4, 7, 0, 4, 3, 5, 0], 1.2945103195902015, 0.15445470809936523, 0.153178207]
[[4, 7, 0, 0, 1, 1, 0, 6, 4, 7, 0, 6, 4, 7, 0], 1.294510319590201, 0.12769556045532227, 0.126380387]
[[4, 7, 0, 2, 2, 3, 0, 0, 1, 1, 0, 0, 1, 1, 0], 1.2945103195902006, 0.06403923034667969, 0.063515009]
[[4, 7, 0, 2, 2, 3, 0, 0, 1, 1, 0, 2, 2, 3, 0], 1.294510319590201, 0.052301645278930664, 0.051747214]
[[4, 7, 0, 2, 2, 3, 0, 0, 1, 1, 0, 4, 3, 5, 0], 1.2945103195902015, 0.0885930061340332, 0.087669965]
[[4, 7, 0, 2, 2, 3, 0, 0, 1, 1, 0, 6, 4, 7, 0], 1.294510319590201, 0.08241462707519531, 0.081508985]
[[4, 7, 0, 2, 2, 3, 0, 2, 2, 3, 0, 0, 1, 1, 0], 1.2945103195902008, 0.05040287971496582, 0.049897085]
[[4, 7, 0, 2, 2, 3, 0, 2, 2, 3, 0, 2, 2, 3, 0], 1.2616940073568008, 0.05247092247009277, 0.051916964]
[[4, 7, 0, 2, 2, 3, 0, 2, 2, 3, 0, 4, 3, 5, 0], 1.2990080134921116, 0.0843656063079834, 0.083455845]
[[4, 7, 0, 2, 2, 3, 0, 2, 2, 3, 0, 6, 4, 7, 0], 1.2946284662214669, 0.09301161766052246, 0.092090312]
[[4, 7, 0, 2, 2, 3, 0, 4, 3, 5, 0, 0, 1, 1, 0], 1.2945103195902006, 0.08529400825500488, 0.084360896]
[[4, 7, 0, 2, 2, 3, 0, 4, 3, 5, 0, 2, 2, 3, 0], 1.2945160646376765, 0.08739519119262695, 0.086447557]
[[4, 7, 0, 2, 2, 3, 0, 4, 3, 5, 0, 4, 3, 5, 0], 1.294435069961792, 0.11713910102844238, 0.115816311]
[[4, 7, 0, 2, 2, 3, 0, 4, 3, 5, 0, 6, 4, 7, 0], 1.2945103195902012, 0.14351248741149902, 0.14212407]
[[4, 7, 0, 2, 2, 3, 0, 6, 4, 7, 0, 0, 1, 1, 0], 1.2945103195902015, 0.10363483428955078, 0.102675208]
[[4, 7, 0, 2, 2, 3, 0, 6, 4, 7, 0, 2, 2, 3, 0], 1.2945104015502102, 0.10497903823852539, 0.103994324]
[[4, 7, 0, 2, 2, 3, 0, 6, 4, 7, 0, 4, 3, 5, 0], 1.294513925840432, 0.13317370414733887, 0.131837815]
[[4, 7, 0, 2, 2, 3, 0, 6, 4, 7, 0, 6, 4, 7, 0], 1.2945103195902012, 0.11494255065917969, 0.113317984]
[[4, 7, 0, 4, 3, 5, 0, 0, 1, 1, 0, 0, 1, 1, 0], 1.2974413559737898, 0.0878300666809082, 0.086625462]
[[4, 7, 0, 4, 3, 5, 0, 0, 1, 1, 0, 2, 2, 3, 0], 1.2945136799590955, 0.1237022876739502, 0.122488354]
[[4, 7, 0, 4, 3, 5, 0, 0, 1, 1, 0, 4, 3, 5, 0], 1.2953224787304325, 0.1246945858001709, 0.123039618]
[[4, 7, 0, 4, 3, 5, 0, 0, 1, 1, 0, 6, 4, 7, 0], 1.2945103195902012, 0.11964988708496094, 0.117911382]
[[4, 7, 0, 4, 3, 5, 0, 2, 2, 3, 0, 0, 1, 1, 0], 1.2945103195902006, 0.07673287391662598, 0.075518629]
[[4, 7, 0, 4, 3, 5, 0, 2, 2, 3, 0, 2, 2, 3, 0], 1.2973971421754442, 0.1565849781036377, 0.155376368]
[[4, 7, 0, 4, 3, 5, 0, 2, 2, 3, 0, 4, 3, 5, 0], 1.2945600363075227, 0.14121103286743164, 0.139539324]
[[4, 7, 0, 4, 3, 5, 0, 2, 2, 3, 0, 6, 4, 7, 0], 1.2945103195902012, 0.12817096710205078, 0.126529631]
[[4, 7, 0, 4, 3, 5, 0, 4, 3, 5, 0, 0, 1, 1, 0], 1.294510319590201, 0.2213878631591797, 0.219663379]
[[4, 7, 0, 4, 3, 5, 0, 4, 3, 5, 0, 2, 2, 3, 0], 1.2945149991485765, 0.12451839447021484, 0.122787892]
[[4, 7, 0, 4, 3, 5, 0, 4, 3, 5, 0, 4, 3, 5, 0], 1.2945242529575816, 0.22214722633361816, 0.218525344]
[[4, 7, 0, 4, 3, 5, 0, 4, 3, 5, 0, 6, 4, 7, 0], 1.2945103195902012, 0.1625196933746338, 0.160736007]
[[4, 7, 0, 4, 3, 5, 0, 6, 4, 7, 0, 0, 1, 1, 0], 1.2945103195902012, 0.1382136344909668, 0.136792334]
[[4, 7, 0, 4, 3, 5, 0, 6, 4, 7, 0, 2, 2, 3, 0], 1.2945103195902017, 0.23844408988952637, 0.23696803]
[[4, 7, 0, 4, 3, 5, 0, 6, 4, 7, 0, 4, 3, 5, 0], 1.29451056547026, 0.18191170692443848, 0.18017092]
[[4, 7, 0, 4, 3, 5, 0, 6, 4, 7, 0, 6, 4, 7, 0], 1.2945103195902015, 0.17386651039123535, 0.172191968]
[[4, 7, 0, 6, 4, 7, 0, 0, 1, 1, 0, 0, 1, 1, 0], 1.2945103195902015, 0.10675549507141113, 0.10580244]
[[4, 7, 0, 6, 4, 7, 0, 0, 1, 1, 0, 2, 2, 3, 0], 1.294510319590201, 0.08591032028198242, 0.084962901]
[[4, 7, 0, 6, 4, 7, 0, 0, 1, 1, 0, 4, 3, 5, 0], 1.2945103195902015, 0.13473868370056152, 0.133439354]
[[4, 7, 0, 6, 4, 7, 0, 0, 1, 1, 0, 6, 4, 7, 0], 1.2945103195902008, 0.2258741855621338, 0.224526085]
[[4, 7, 0, 6, 4, 7, 0, 2, 2, 3, 0, 0, 1, 1, 0], 1.2945103195902012, 0.10296249389648438, 0.101988639]
[[4, 7, 0, 6, 4, 7, 0, 2, 2, 3, 0, 2, 2, 3, 0], 1.2946679092516808, 0.2668895721435547, 0.265906744]
[[4, 7, 0, 6, 4, 7, 0, 2, 2, 3, 0, 4, 3, 5, 0], 1.2945117948719573, 0.13018798828125, 0.12888491]
[[4, 7, 0, 6, 4, 7, 0, 2, 2, 3, 0, 6, 4, 7, 0], 1.2945103195902015, 0.15683436393737793, 0.15545804]
[[4, 7, 0, 6, 4, 7, 0, 4, 3, 5, 0, 0, 1, 1, 0], 1.294510319590201, 0.25044918060302734, 0.249070778]
[[4, 7, 0, 6, 4, 7, 0, 4, 3, 5, 0, 2, 2, 3, 0], 1.2945104835102303, 0.12230086326599121, 0.120905779]
[[4, 7, 0, 6, 4, 7, 0, 4, 3, 5, 0, 4, 3, 5, 0], 1.2945900704098001, 0.1636669635772705, 0.161988169]
[[4, 7, 0, 6, 4, 7, 0, 4, 3, 5, 0, 6, 4, 7, 0], 1.2945103195902015, 0.1587982177734375, 0.157014739]
[[4, 7, 0, 6, 4, 7, 0, 6, 4, 7, 0, 0, 1, 1, 0], 1.294510319590201, 0.1272735595703125, 0.125931418]
[[4, 7, 0, 6, 4, 7, 0, 6, 4, 7, 0, 2, 2, 3, 0], 1.2945103195902012, 0.1337728500366211, 0.132312241]
[[4, 7, 0, 6, 4, 7, 0, 6, 4, 7, 0, 4, 3, 5, 0], 1.294510319590201, 0.15796351432800293, 0.156223031]
[[4, 7, 0, 6, 4, 7, 0, 6, 4, 7, 0, 6, 4, 7, 0], 1.2945103195902008, 0.15796732902526855, 0.156163441]
