[[0, 0, 1, 1, 0, 0, 1, 1, 0, 0, 1, 1, 0], 101.24350261879053, 0.7848806381225586, 0]
[[0, 0, 1, 1, 0, 0, 1, 1, 0, 2, 2, 3, 0], 157.66779956741328, 0.6622958183288574, 0]
[[0, 0, 1, 1, 0, 0, 1, 1, 0, 4, 3, 5, 0], 114.74834532889429, 0.9951961040496826, 0]
[[0, 0, 1, 1, 0, 2, 2, 3, 0, 0, 1, 1, 0], 292.0294922560206, 0.676067590713501, 0]
[[0, 0, 1, 1, 0, 2, 2, 3, 0, 2, 2, 3, 0], 476.3831881521181, 0.6194956302642822, 0]
[[0, 0, 1, 1, 0, 2, 2, 3, 0, 4, 3, 5, 0], 252.56311331635087, 0.8723368644714355, 0]
[[0, 0, 1, 1, 0, 4, 3, 5, 0, 0, 1, 1, 0], 238.37948365907326, 0.981389045715332, 0]
[[0, 0, 1, 1, 0, 4, 3, 5, 0, 2, 2, 3, 0], 256.61439460960617, 0.8462417125701904, 0]
[[0, 0, 1, 1, 0, 4, 3, 5, 0, 4, 3, 5, 0], 139.6172846187206, 1.2286231517791748, 0]
[[0, 2, 2, 3, 0, 0, 1, 1, 0, 0, 1, 1, 0], 93.17287268753087, 0.7926938533782959, 0]
[[0, 2, 2, 3, 0, 0, 1, 1, 0, 2, 2, 3, 0], 245.2798016516053, 0.6546311378479004, 0]
[[0, 2, 2, 3, 0, 0, 1, 1, 0, 4, 3, 5, 0], 145.9783653721125, 1.0348167419433594, 0]
[[0, 2, 2, 3, 0, 2, 2, 3, 0, 0, 1, 1, 0], 228.48773648325988, 0.6631391048431396, 0]
[[0, 2, 2, 3, 0, 2, 2, 3, 0, 2, 2, 3, 0], 266.55072151365124, 0.521477222442627, 0]
[[0, 2, 2, 3, 0, 2, 2, 3, 0, 4, 3, 5, 0], 189.991360980739, 1.2677960395812988, 0]
[[0, 2, 2, 3, 0, 4, 3, 5, 0, 0, 1, 1, 0], 187.9718817685951, 1.0909748077392578, 0]
[[0, 2, 2, 3, 0, 4, 3, 5, 0, 2, 2, 3, 0], 239.46512739915292, 1.1075692176818848, 0]
[[0, 2, 2, 3, 0, 4, 3, 5, 0, 4, 3, 5, 0], 109.73507504024305, 1.3735430240631104, 0]
[[0, 4, 3, 5, 0, 0, 1, 1, 0, 0, 1, 1, 0], 114.19451070748819, 1.367074966430664, 0]
[[0, 4, 3, 5, 0, 0, 1, 1, 0, 2, 2, 3, 0], 226.2085688121253, 0.9846887588500977, 0]
[[0, 4, 3, 5, 0, 0, 1, 1, 0, 4, 3, 5, 0], 143.9951873565093, 1.7712628841400146, 0]
[[0, 4, 3, 5, 0, 2, 2, 3, 0, 0, 1, 1, 0], 257.4645319172222, 1.0419213771820068, 0]
[[0, 4, 3, 5, 0, 2, 2, 3, 0, 2, 2, 3, 0], 296.53772552413244, 0.7331366539001465, 0]
[[0, 4, 3, 5, 0, 2, 2, 3, 0, 4, 3, 5, 0], 199.28086710734772, 1.9423236846923828, 0]
[[0, 4, 3, 5, 0, 4, 3, 5, 0, 0, 1, 1, 0], 152.8130564844151, 1.8945338726043701, 0]
[[0, 4, 3, 5, 0, 4, 3, 5, 0, 2, 2, 3, 0], 164.1219261290744, 1.5628390312194824, 0]
[[0, 4, 3, 5, 0, 4, 3, 5, 0, 4, 3, 5, 0], 70.00045167022643, 2.3358876705169678, 0]
[[1, 1, 0, 0, 1, 1, 0, 0, 1, 1, 0, 0, 1], 42.85562991220053, 0.7186915874481201, 0]
[[1, 1, 0, 0, 1, 1, 0, 0, 1, 1, 0, 2, 2], 63.15026274796673, 0.7633867263793945, 0]
[[1, 1, 0, 0, 1, 1, 0, 0, 1, 1, 0, 4, 3], 45.72286714321471, 0.9095265865325928, 0]
[[1, 1, 0, 0, 1, 1, 0, 2, 2, 3, 0, 0, 1], 51.0108695331836, 0.6086280345916748, 0]
[[1, 1, 0, 0, 1, 1, 0, 2, 2, 3, 0, 2, 2], 166.12037111908327, 0.627600908279419, 0]
[[1, 1, 0, 0, 1, 1, 0, 2, 2, 3, 0, 4, 3], 75.72820833734113, 1.2530055046081543, 0]
[[1, 1, 0, 0, 1, 1, 0, 4, 3, 5, 0, 0, 1], 43.99729411377695, 1.041757345199585, 0]
[[1, 1, 0, 0, 1, 1, 0, 4, 3, 5, 0, 2, 2], 102.2032950491822, 1.0164237022399902, 0]
[[1, 1, 0, 0, 1, 1, 0, 4, 3, 5, 0, 4, 3], 51.2487182200149, 1.160104513168335, 0]
[[1, 1, 0, 2, 2, 3, 0, 0, 1, 1, 0, 0, 1], 37.37471681012116, 0.6658639907836914, 0]
[[1, 1, 0, 2, 2, 3, 0, 0, 1, 1, 0, 2, 2], 172.33914622956064, 0.6174542903900146, 0]
[[1, 1, 0, 2, 2, 3, 0, 0, 1, 1, 0, 4, 3], 82.70403934305581, 0.8072488307952881, 0]
[[1, 1, 0, 2, 2, 3, 0, 2, 2, 3, 0, 0, 1], 76.87963243603467, 0.5507032871246338, 0]
[[1, 1, 0, 2, 2, 3, 0, 2, 2, 3, 0, 2, 2], 250.75425359949935, 0.5465407371520996, 0]
[[1, 1, 0, 2, 2, 3, 0, 2, 2, 3, 0, 4, 3], 113.18423902319368, 0.6633102893829346, 0]
[[1, 1, 0, 2, 2, 3, 0, 4, 3, 5, 0, 0, 1], 60.810099992658984, 0.9540636539459229, 0]
[[1, 1, 0, 2, 2, 3, 0, 4, 3, 5, 0, 2, 2], 174.97557782540085, 0.8915894031524658, 0]
[[1, 1, 0, 2, 2, 3, 0, 4, 3, 5, 0, 4, 3], 67.46319364679418, 1.1706135272979736, 0]
[[1, 1, 0, 4, 3, 5, 0, 0, 1, 1, 0, 0, 1], 42.86431014053793, 0.8620939254760742, 0]
[[1, 1, 0, 4, 3, 5, 0, 0, 1, 1, 0, 2, 2], 174.06783425840754, 0.8574850559234619, 0]
[[1, 1, 0, 4, 3, 5, 0, 0, 1, 1, 0, 4, 3], 89.5810790227171, 1.0178730487823486, 0]
[[1, 1, 0, 4, 3, 5, 0, 2, 2, 3, 0, 0, 1], 77.87104490148359, 0.7267251014709473, 0]
[[1, 1, 0, 4, 3, 5, 0, 2, 2, 3, 0, 2, 2], 273.2155768062415, 0.7777378559112549, 0]
[[1, 1, 0, 4, 3, 5, 0, 2, 2, 3, 0, 4, 3], 143.403650731326, 0.9598443508148193, 0]
[[1, 1, 0, 4, 3, 5, 0, 4, 3, 5, 0, 0, 1], 54.70420637249938, 1.1420838832855225, 0]
[[1, 1, 0, 4, 3, 5, 0, 4, 3, 5, 0, 2, 2], 141.29841106651594, 1.0800611972808838, 0]
[[1, 1, 0, 4, 3, 5, 0, 4, 3, 5, 0, 4, 3], 53.86109944146467, 1.3310506343841553, 0]
[[2, 3, 0, 0, 1, 1, 0, 0, 1, 1, 0, 0, 1], 51.112051203977174, 0.43958044052124023, 0]
[[2, 3, 0, 0, 1, 1, 0, 0, 1, 1, 0, 2, 2], 313.92340300174607, 0.45098185539245605, 0]
[[2, 3, 0, 0, 1, 1, 0, 0, 1, 1, 0, 4, 3], 116.64982601849339, 0.4703714847564697, 0]
[[2, 3, 0, 0, 1, 1, 0, 2, 2, 3, 0, 0, 1], 195.9692841448855, 0.41852474212646484, 0]
[[2, 3, 0, 0, 1, 1, 0, 2, 2, 3, 0, 2, 2], 845.2065044332529, 0.42946386337280273, 0]
[[2, 3, 0, 0, 1, 1, 0, 2, 2, 3, 0, 4, 3], 345.0696570633211, 0.4513514041900635, 0]
[[2, 3, 0, 0, 1, 1, 0, 4, 3, 5, 0, 0, 1], 148.21995101160604, 0.5029082298278809, 0]
[[2, 3, 0, 0, 1, 1, 0, 4, 3, 5, 0, 2, 2], 442.20597724386585, 0.4859025478363037, 0]
[[2, 3, 0, 0, 1, 1, 0, 4, 3, 5, 0, 4, 3], 169.21460983479716, 0.6424648761749268, 0]
[[2, 3, 0, 2, 2, 3, 0, 0, 1, 1, 0, 0, 1], 123.50578703750823, 0.4256880283355713, 0]
[[2, 3, 0, 2, 2, 3, 0, 0, 1, 1, 0, 2, 2], 784.4831999420782, 0.43055152893066406, 0]
[[2, 3, 0, 2, 2, 3, 0, 0, 1, 1, 0, 4, 3], 305.02146785200597, 0.4526040554046631, 0]
[[2, 3, 0, 2, 2, 3, 0, 2, 2, 3, 0, 0, 1], 257.03338978474534, 0.4005270004272461, 0]
[[2, 3, 0, 2, 2, 3, 0, 2, 2, 3, 0, 2, 2], 1066.626384762464, 0.40025830268859863, 0]
[[2, 3, 0, 2, 2, 3, 0, 2, 2, 3, 0, 4, 3], 409.2176433183614, 0.44277048110961914, 0]
[[2, 3, 0, 2, 2, 3, 0, 4, 3, 5, 0, 0, 1], 221.17716175747344, 0.5023190975189209, 0]
[[2, 3, 0, 2, 2, 3, 0, 4, 3, 5, 0, 2, 2], 664.7243339957363, 0.4865424633026123, 0]
[[2, 3, 0, 2, 2, 3, 0, 4, 3, 5, 0, 4, 3], 256.8958035436159, 0.5417876243591309, 0]
[[2, 3, 0, 4, 3, 5, 0, 0, 1, 1, 0, 0, 1], 87.6530461999511, 0.47637367248535156, 0]
[[2, 3, 0, 4, 3, 5, 0, 0, 1, 1, 0, 2, 2], 473.05102940177005, 0.4638352394104004, 0]
[[2, 3, 0, 4, 3, 5, 0, 0, 1, 1, 0, 4, 3], 206.0667491762862, 0.5224668979644775, 0]
[[2, 3, 0, 4, 3, 5, 0, 2, 2, 3, 0, 0, 1], 206.97283023694055, 0.46219587326049805, 0]
[[2, 3, 0, 4, 3, 5, 0, 2, 2, 3, 0, 2, 2], 782.3526329097714, 0.44267916679382324, 0]
[[2, 3, 0, 4, 3, 5, 0, 2, 2, 3, 0, 4, 3], 308.67225988148914, 0.47996068000793457, 0]
[[2, 3, 0, 4, 3, 5, 0, 4, 3, 5, 0, 0, 1], 128.44806445905016, 0.5335495471954346, 0]
[[2, 3, 0, 4, 3, 5, 0, 4, 3, 5, 0, 2, 2], 408.160612132155, 0.5578720569610596, 0]
[[2, 3, 0, 4, 3, 5, 0, 4, 3, 5, 0, 4, 3], 129.03855160143624, 0.5654447078704834, 0]
[[3, 5, 0, 0, 1, 1, 0, 0, 1, 1, 0, 0, 1], 49.04208782809433, 0.7694659233093262, 0]
[[3, 5, 0, 0, 1, 1, 0, 0, 1, 1, 0, 2, 2], 151.37409437443898, 0.7389588356018066, 0]
[[3, 5, 0, 0, 1, 1, 0, 0, 1, 1, 0, 4, 3], 118.64415890906994, 0.9090063571929932, 0]
[[3, 5, 0, 0, 1, 1, 0, 2, 2, 3, 0, 0, 1], 119.62872793973052, 0.6479580402374268, 0]
[[3, 5, 0, 0, 1, 1, 0, 2, 2, 3, 0, 2, 2], 425.0559026424062, 0.6132194995880127, 0]
[[3, 5, 0, 0, 1, 1, 0, 2, 2, 3, 0, 4, 3], 218.51907791656467, 0.9052450656890869, 0]
[[3, 5, 0, 0, 1, 1, 0, 4, 3, 5, 0, 0, 1], 95.95294746993552, 1.047093391418457, 0]
[[3, 5, 0, 0, 1, 1, 0, 4, 3, 5, 0, 2, 2], 246.46496634408075, 1.018852949142456, 0]
[[3, 5, 0, 0, 1, 1, 0, 4, 3, 5, 0, 4, 3], 122.30975648676983, 1.183157205581665, 0]
[[3, 5, 0, 2, 2, 3, 0, 0, 1, 1, 0, 0, 1], 65.546775266721, 0.7647910118103027, 0]
[[3, 5, 0, 2, 2, 3, 0, 0, 1, 1, 0, 2, 2], 361.83888542206927, 0.6610901355743408, 0]
[[3, 5, 0, 2, 2, 3, 0, 0, 1, 1, 0, 4, 3], 185.57411888872608, 0.8578686714172363, 0]
[[3, 5, 0, 2, 2, 3, 0, 2, 2, 3, 0, 0, 1], 151.48595574742507, 0.5905494689941406, 0]
[[3, 5, 0, 2, 2, 3, 0, 2, 2, 3, 0, 2, 2], 456.55393271157936, 0.5742435455322266, 0]
[[3, 5, 0, 2, 2, 3, 0, 2, 2, 3, 0, 4, 3], 267.05407085598677, 0.7310802936553955, 0]
[[3, 5, 0, 2, 2, 3, 0, 4, 3, 5, 0, 0, 1], 108.01406259323238, 1.0069515705108643, 0]
[[3, 5, 0, 2, 2, 3, 0, 4, 3, 5, 0, 2, 2], 309.7717854492628, 0.9568066596984863, 0]
[[3, 5, 0, 2, 2, 3, 0, 4, 3, 5, 0, 4, 3], 125.3346198481985, 1.136331558227539, 0]
[[3, 5, 0, 4, 3, 5, 0, 0, 1, 1, 0, 0, 1], 58.692543825538536, 0.9034404754638672, 0]
[[3, 5, 0, 4, 3, 5, 0, 0, 1, 1, 0, 2, 2], 239.0934367013523, 0.962108850479126, 0]
[[3, 5, 0, 4, 3, 5, 0, 0, 1, 1, 0, 4, 3], 127.82396680924553, 1.0739550590515137, 0]
[[3, 5, 0, 4, 3, 5, 0, 2, 2, 3, 0, 0, 1], 104.13843109124105, 0.8014345169067383, 0]
[[3, 5, 0, 4, 3, 5, 0, 2, 2, 3, 0, 2, 2], 354.8098327026935, 0.7999625205993652, 0]
[[3, 5, 0, 4, 3, 5, 0, 2, 2, 3, 0, 4, 3], 153.76417157672714, 0.9493012428283691, 0]
[[3, 5, 0, 4, 3, 5, 0, 4, 3, 5, 0, 0, 1], 64.0533050808835, 1.2027428150177002, 0]
[[3, 5, 0, 4, 3, 5, 0, 4, 3, 5, 0, 2, 2], 166.30290570354646, 1.1745092868804932, 0]
[[3, 5, 0, 4, 3, 5, 0, 4, 3, 5, 0, 4, 3], 66.81525297556553, 1.333531141281128, 0]
