[[0, 0, 1, 1, 0, 0, 1, 1, 0, 0, 1, 1, 0], 1934.2855713625574, 0.0010128021240234375, 0]
[[0, 0, 1, 1, 0, 0, 1, 1, 0, 2, 2, 3, 0], 8338.543382557551, 0.0009281635284423828, 0]
[[0, 0, 1, 1, 0, 0, 1, 1, 0, 4, 3, 5, 0], 2143.496471598553, 0.0017514228820800781, 0]
[[0, 0, 1, 1, 0, 2, 2, 3, 0, 0, 1, 1, 0], 16057.374214136667, 0.0009102821350097656, 0]
[[0, 0, 1, 1, 0, 2, 2, 3, 0, 2, 2, 3, 0], 59867.32779815796, 0.0006651878356933594, 0]
[[0, 0, 1, 1, 0, 2, 2, 3, 0, 4, 3, 5, 0], 14556.52840371665, 0.0015213489532470703, 0]
[[0, 0, 1, 1, 0, 4, 3, 5, 0, 0, 1, 1, 0], 4083.8432141079734, 0.001795053482055664, 0]
[[0, 0, 1, 1, 0, 4, 3, 5, 0, 2, 2, 3, 0], 14283.988232984386, 0.0015063285827636719, 0]
[[0, 0, 1, 1, 0, 4, 3, 5, 0, 4, 3, 5, 0], 2720.1349531085543, 0.002445220947265625, 0]
[[0, 2, 2, 3, 0, 0, 1, 1, 0, 0, 1, 1, 0], 8338.54338255755, 0.0008802413940429688, 0]
[[0, 2, 2, 3, 0, 0, 1, 1, 0, 2, 2, 3, 0], 65336.863313249974, 0.0006718635559082031, 0]
[[0, 2, 2, 3, 0, 0, 1, 1, 0, 4, 3, 5, 0], 13264.238871644031, 0.0014977455139160156, 0]
[[0, 2, 2, 3, 0, 2, 2, 3, 0, 0, 1, 1, 0], 59867.32779815796, 0.0006580352783203125, 0]
[[0, 2, 2, 3, 0, 2, 2, 3, 0, 2, 2, 3, 0], 222269.59046733726, 0.00044155120849609375, 0]
[[0, 2, 2, 3, 0, 2, 2, 3, 0, 4, 3, 5, 0], 55783.9817033888, 0.0013594627380371094, 0]
[[0, 2, 2, 3, 0, 4, 3, 5, 0, 0, 1, 1, 0], 14283.988232984386, 0.0015277862548828125, 0]
[[0, 2, 2, 3, 0, 4, 3, 5, 0, 2, 2, 3, 0], 56531.44261504094, 0.0014657974243164062, 0]
[[0, 2, 2, 3, 0, 4, 3, 5, 0, 4, 3, 5, 0], 9365.256720459389, 0.0022058486938476562, 0]
[[0, 4, 3, 5, 0, 0, 1, 1, 0, 0, 1, 1, 0], 2143.4964715985525, 0.0017118453979492188, 0]
[[0, 4, 3, 5, 0, 0, 1, 1, 0, 2, 2, 3, 0], 13264.238871644031, 0.0016314983367919922, 0]
[[0, 4, 3, 5, 0, 0, 1, 1, 0, 4, 3, 5, 0], 2881.666037361759, 0.0024237632751464844, 0]
[[0, 4, 3, 5, 0, 2, 2, 3, 0, 0, 1, 1, 0], 14556.52840371665, 0.0015311241149902344, 0]
[[0, 4, 3, 5, 0, 2, 2, 3, 0, 2, 2, 3, 0], 55783.98170338881, 0.0014300346374511719, 0]
[[0, 4, 3, 5, 0, 2, 2, 3, 0, 4, 3, 5, 0], 12794.099327707523, 0.0021314620971679688, 0]
[[0, 4, 3, 5, 0, 4, 3, 5, 0, 0, 1, 1, 0], 2720.1349531085543, 0.0024034976959228516, 0]
[[0, 4, 3, 5, 0, 4, 3, 5, 0, 2, 2, 3, 0], 9365.256720459389, 0.002285480499267578, 0]
[[0, 4, 3, 5, 0, 4, 3, 5, 0, 4, 3, 5, 0], 1416.2547696452802, 0.0029489994049072266, 0]
[[1, 1, 0, 0, 1, 1, 0, 0, 1, 1, 0, 0, 1], 873.0523305775521, 0.0010631084442138672, 0]
[[1, 1, 0, 0, 1, 1, 0, 0, 1, 1, 0, 2, 2], 901.0160384558072, 0.0010023117065429688, 0]
[[1, 1, 0, 0, 1, 1, 0, 0, 1, 1, 0, 4, 3], 919.8563050089502, 0.001416921615600586, 0]
[[1, 1, 0, 0, 1, 1, 0, 2, 2, 3, 0, 0, 1], 2824.445365559302, 0.0009171962738037109, 0]
[[1, 1, 0, 0, 1, 1, 0, 2, 2, 3, 0, 2, 2], 6853.641826487164, 0.0007219314575195312, 0]
[[1, 1, 0, 0, 1, 1, 0, 2, 2, 3, 0, 4, 3], 4220.506670252661, 0.0011899471282958984, 0]
[[1, 1, 0, 0, 1, 1, 0, 4, 3, 5, 0, 0, 1], 774.4074706869465, 0.0017189979553222656, 0]
[[1, 1, 0, 0, 1, 1, 0, 4, 3, 5, 0, 2, 2], 1388.1607546225819, 0.0016477108001708984, 0]
[[1, 1, 0, 0, 1, 1, 0, 4, 3, 5, 0, 4, 3], 933.022432219194, 0.00202178955078125, 0]
[[1, 1, 0, 2, 2, 3, 0, 0, 1, 1, 0, 0, 1], 2824.445365559303, 0.0008726119995117188, 0]
[[1, 1, 0, 2, 2, 3, 0, 0, 1, 1, 0, 2, 2], 9807.727463502666, 0.0007598400115966797, 0]
[[1, 1, 0, 2, 2, 3, 0, 0, 1, 1, 0, 4, 3], 6313.519573702707, 0.001107931137084961, 0]
[[1, 1, 0, 2, 2, 3, 0, 2, 2, 3, 0, 0, 1], 17730.440093126348, 0.0006067752838134766, 0]
[[1, 1, 0, 2, 2, 3, 0, 2, 2, 3, 0, 2, 2], 43530.922511930934, 0.0005159378051757812, 0]
[[1, 1, 0, 2, 2, 3, 0, 2, 2, 3, 0, 4, 3], 26517.436025804032, 0.0009801387786865234, 0]
[[1, 1, 0, 2, 2, 3, 0, 4, 3, 5, 0, 0, 1], 4276.271019119056, 0.0014481544494628906, 0]
[[1, 1, 0, 2, 2, 3, 0, 4, 3, 5, 0, 2, 2], 9386.850508252923, 0.0015189647674560547, 0]
[[1, 1, 0, 2, 2, 3, 0, 4, 3, 5, 0, 4, 3], 4889.523209994611, 0.0018222332000732422, 0]
[[1, 1, 0, 4, 3, 5, 0, 0, 1, 1, 0, 0, 1], 774.4074706869465, 0.0017323493957519531, 0]
[[1, 1, 0, 4, 3, 5, 0, 0, 1, 1, 0, 2, 2], 2318.8631183133125, 0.0015902519226074219, 0]
[[1, 1, 0, 4, 3, 5, 0, 0, 1, 1, 0, 4, 3], 1609.3858223621892, 0.0019943714141845703, 0]
[[1, 1, 0, 4, 3, 5, 0, 2, 2, 3, 0, 0, 1], 4276.271019119056, 0.0015690326690673828, 0]
[[1, 1, 0, 4, 3, 5, 0, 2, 2, 3, 0, 2, 2], 11294.100290590417, 0.0014035701751708984, 0]
[[1, 1, 0, 4, 3, 5, 0, 2, 2, 3, 0, 4, 3], 6282.8661930751805, 0.0018129348754882812, 0]
[[1, 1, 0, 4, 3, 5, 0, 4, 3, 5, 0, 0, 1], 942.7453419283439, 0.002582550048828125, 0]
[[1, 1, 0, 4, 3, 5, 0, 4, 3, 5, 0, 2, 2], 1863.9785941792532, 0.0022530555725097656, 0]
[[1, 1, 0, 4, 3, 5, 0, 4, 3, 5, 0, 4, 3], 975.0185341845705, 0.0036907196044921875, 0]
[[2, 3, 0, 0, 1, 1, 0, 0, 1, 1, 0, 0, 1], 901.0160384558069, 0.0009813308715820312, 0]
[[2, 3, 0, 0, 1, 1, 0, 0, 1, 1, 0, 2, 2], 4031.8022048174507, 0.000835418701171875, 0]
[[2, 3, 0, 0, 1, 1, 0, 0, 1, 1, 0, 4, 3], 2004.3522916114457, 0.0012331008911132812, 0]
[[2, 3, 0, 0, 1, 1, 0, 2, 2, 3, 0, 0, 1], 9807.727463502664, 0.0007402896881103516, 0]
[[2, 3, 0, 0, 1, 1, 0, 2, 2, 3, 0, 2, 2], 32403.30985331131, 0.0006301403045654297, 0]
[[2, 3, 0, 0, 1, 1, 0, 2, 2, 3, 0, 4, 3], 17075.29590929265, 0.0009796619415283203, 0]
[[2, 3, 0, 0, 1, 1, 0, 4, 3, 5, 0, 0, 1], 2318.8631183133125, 0.0014870166778564453, 0]
[[2, 3, 0, 0, 1, 1, 0, 4, 3, 5, 0, 2, 2], 5326.638100868834, 0.0015599727630615234, 0]
[[2, 3, 0, 0, 1, 1, 0, 4, 3, 5, 0, 4, 3], 2750.9004375222603, 0.0019199848175048828, 0]
[[2, 3, 0, 2, 2, 3, 0, 0, 1, 1, 0, 0, 1], 6853.641826487164, 0.0007319450378417969, 0]
[[2, 3, 0, 2, 2, 3, 0, 0, 1, 1, 0, 2, 2], 32403.309853311304, 0.0005745887756347656, 0]
[[2, 3, 0, 2, 2, 3, 0, 0, 1, 1, 0, 4, 3], 16601.9121763693, 0.0011267662048339844, 0]
[[2, 3, 0, 2, 2, 3, 0, 2, 2, 3, 0, 0, 1], 43530.92251193093, 0.0005104541778564453, 0]
[[2, 3, 0, 2, 2, 3, 0, 2, 2, 3, 0, 2, 2], 137494.03421603335, 0.0004832744598388672, 0]
[[2, 3, 0, 2, 2, 3, 0, 2, 2, 3, 0, 4, 3], 64839.383883924485, 0.0008730888366699219, 0]
[[2, 3, 0, 2, 2, 3, 0, 4, 3, 5, 0, 0, 1], 11294.100290590415, 0.0014045238494873047, 0]
[[2, 3, 0, 2, 2, 3, 0, 4, 3, 5, 0, 2, 2], 26570.61229791527, 0.0013370513916015625, 0]
[[2, 3, 0, 2, 2, 3, 0, 4, 3, 5, 0, 4, 3], 12866.500913822625, 0.001725912094116211, 0]
[[2, 3, 0, 4, 3, 5, 0, 0, 1, 1, 0, 0, 1], 1388.1607546225819, 0.0015311241149902344, 0]
[[2, 3, 0, 4, 3, 5, 0, 0, 1, 1, 0, 2, 2], 5326.638100868834, 0.0013699531555175781, 0]
[[2, 3, 0, 4, 3, 5, 0, 0, 1, 1, 0, 4, 3], 3098.874006924186, 0.0019402503967285156, 0]
[[2, 3, 0, 4, 3, 5, 0, 2, 2, 3, 0, 0, 1], 9386.85050825292, 0.0014605522155761719, 0]
[[2, 3, 0, 4, 3, 5, 0, 2, 2, 3, 0, 2, 2], 26570.61229791527, 0.0013756752014160156, 0]
[[2, 3, 0, 4, 3, 5, 0, 2, 2, 3, 0, 4, 3], 13620.497010473338, 0.0018048286437988281, 0]
[[2, 3, 0, 4, 3, 5, 0, 4, 3, 5, 0, 0, 1], 1863.9785941792527, 0.0022873878479003906, 0]
[[2, 3, 0, 4, 3, 5, 0, 4, 3, 5, 0, 2, 2], 4118.637880497055, 0.0022504329681396484, 0]
[[2, 3, 0, 4, 3, 5, 0, 4, 3, 5, 0, 4, 3], 1903.9198614378563, 0.0025739669799804688, 0]
[[3, 5, 0, 0, 1, 1, 0, 0, 1, 1, 0, 0, 1], 919.8563050089502, 0.0014526844024658203, 0]
[[3, 5, 0, 0, 1, 1, 0, 0, 1, 1, 0, 2, 2], 2004.352291611446, 0.0013051033020019531, 0]
[[3, 5, 0, 0, 1, 1, 0, 0, 1, 1, 0, 4, 3], 2204.590117523725, 0.0016036033630371094, 0]
[[3, 5, 0, 0, 1, 1, 0, 2, 2, 3, 0, 0, 1], 6313.519573702706, 0.0011830329895019531, 0]
[[3, 5, 0, 0, 1, 1, 0, 2, 2, 3, 0, 2, 2], 16601.912176369304, 0.0011353492736816406, 0]
[[3, 5, 0, 0, 1, 1, 0, 2, 2, 3, 0, 4, 3], 11752.011261684305, 0.0015306472778320312, 0]
[[3, 5, 0, 0, 1, 1, 0, 4, 3, 5, 0, 0, 1], 1609.3858223621887, 0.0019791126251220703, 0]
[[3, 5, 0, 0, 1, 1, 0, 4, 3, 5, 0, 2, 2], 3098.8740069241853, 0.0019741058349609375, 0]
[[3, 5, 0, 0, 1, 1, 0, 4, 3, 5, 0, 4, 3], 2029.6731602602702, 0.002572774887084961, 0]
[[3, 5, 0, 2, 2, 3, 0, 0, 1, 1, 0, 0, 1], 4220.506670252659, 0.002633333206176758, 0]
[[3, 5, 0, 2, 2, 3, 0, 0, 1, 1, 0, 2, 2], 17075.295909292647, 0.00125885009765625, 0]
[[3, 5, 0, 2, 2, 3, 0, 0, 1, 1, 0, 4, 3], 11752.011261684305, 0.0030269622802734375, 0]
[[3, 5, 0, 2, 2, 3, 0, 2, 2, 3, 0, 0, 1], 26517.43602580402, 0.000990152359008789, 0]
[[3, 5, 0, 2, 2, 3, 0, 2, 2, 3, 0, 2, 2], 64839.383883924485, 0.0017228126525878906, 0]
[[3, 5, 0, 2, 2, 3, 0, 2, 2, 3, 0, 4, 3], 45031.33074665575, 0.0013136863708496094, 0]
[[3, 5, 0, 2, 2, 3, 0, 4, 3, 5, 0, 0, 1], 6282.866193075179, 0.0018527507781982422, 0]
[[3, 5, 0, 2, 2, 3, 0, 4, 3, 5, 0, 2, 2], 13620.497010473335, 0.0018088817596435547, 0]
[[3, 5, 0, 2, 2, 3, 0, 4, 3, 5, 0, 4, 3], 7391.865495765727, 0.002179861068725586, 0]
[[3, 5, 0, 4, 3, 5, 0, 0, 1, 1, 0, 0, 1], 933.0224322191938, 0.0020363330841064453, 0]
[[3, 5, 0, 4, 3, 5, 0, 0, 1, 1, 0, 2, 2], 2750.90043752226, 0.0018885135650634766, 0]
[[3, 5, 0, 4, 3, 5, 0, 0, 1, 1, 0, 4, 3], 2029.6731602602702, 0.002558469772338867, 0]
[[3, 5, 0, 4, 3, 5, 0, 2, 2, 3, 0, 0, 1], 4889.523209994609, 0.0019278526306152344, 0]
[[3, 5, 0, 4, 3, 5, 0, 2, 2, 3, 0, 2, 2], 12866.500913822623, 0.0017800331115722656, 0]
[[3, 5, 0, 4, 3, 5, 0, 2, 2, 3, 0, 4, 3], 7391.865495765727, 0.002174854278564453, 0]
[[3, 5, 0, 4, 3, 5, 0, 4, 3, 5, 0, 0, 1], 975.0185341845704, 0.0026373863220214844, 0]
[[3, 5, 0, 4, 3, 5, 0, 4, 3, 5, 0, 2, 2], 1903.9198614378563, 0.002521514892578125, 0]
[[3, 5, 0, 4, 3, 5, 0, 4, 3, 5, 0, 4, 3], 1058.6345377456735, 0.0031533241271972656, 0]
