[[0, 0, 1, 1, 0, 0, 1, 1, 0, 0, 1, 1, 0], 1.0267837508926652, 0.12172293663024902, 0.12066412]
[[0, 0, 1, 1, 0, 0, 1, 1, 0, 2, 2, 3, 0], 1.0191047185986581, 0.08371496200561523, 0.082881389]
[[0, 0, 1, 1, 0, 0, 1, 1, 0, 4, 3, 5, 0], 1.0332999627302368, 0.21317553520202637, 0.211274949]
[[0, 0, 1, 1, 0, 2, 2, 3, 0, 0, 1, 1, 0], 1.0020485281578975, 0.1074366569519043, 0.106557521]
[[0, 0, 1, 1, 0, 2, 2, 3, 0, 2, 2, 3, 0], 1.0097675788615788, 0.6902439594268799, 0.689396667]
[[0, 0, 1, 1, 0, 2, 2, 3, 0, 4, 3, 5, 0], 1.0152827234458404, 0.11049222946166992, 0.108951202]
[[0, 0, 1, 1, 0, 4, 3, 5, 0, 0, 1, 1, 0], 1.0337310241337587, 0.22798442840576172, 0.226263935]
[[0, 0, 1, 1, 0, 4, 3, 5, 0, 2, 2, 3, 0], 1.0362576890212387, 0.11991024017333984, 0.118389607]
[[0, 0, 1, 1, 0, 4, 3, 5, 0, 4, 3, 5, 0], 1.0437136132447564, 0.3204214572906494, 0.318006714]
[[0, 2, 2, 3, 0, 0, 1, 1, 0, 0, 1, 1, 0], 1.0397648206524952, 0.05483245849609375, 0.053982769]
[[0, 2, 2, 3, 0, 0, 1, 1, 0, 2, 2, 3, 0], 1.039107947989771, 0.061309814453125, 0.060685665]
[[0, 2, 2, 3, 0, 0, 1, 1, 0, 4, 3, 5, 0], 1.0367951884672322, 0.10428762435913086, 0.102759634]
[[0, 2, 2, 3, 0, 2, 2, 3, 0, 0, 1, 1, 0], 1.0492758202791592, 0.05094122886657715, 0.050287633]
[[0, 2, 2, 3, 0, 2, 2, 3, 0, 2, 2, 3, 0], 1.0561152783201193, 0.05002713203430176, 0.049585293]
[[0, 2, 2, 3, 0, 2, 2, 3, 0, 4, 3, 5, 0], 1.0517451081624887, 0.08298039436340332, 0.081657244]
[[0, 2, 2, 3, 0, 4, 3, 5, 0, 0, 1, 1, 0], 1.0243673369053141, 0.08810853958129883, 0.086517546]
[[0, 2, 2, 3, 0, 4, 3, 5, 0, 2, 2, 3, 0], 1.0261050465067136, 0.12660694122314453, 0.1251222]
[[0, 2, 2, 3, 0, 4, 3, 5, 0, 4, 3, 5, 0], 1.0433313607897639, 0.17957496643066406, 0.177376445]
[[0, 4, 3, 5, 0, 0, 1, 1, 0, 0, 1, 1, 0], 1.0488939500408978, 0.1858365535736084, 0.184095738]
[[0, 4, 3, 5, 0, 0, 1, 1, 0, 2, 2, 3, 0], 1.0306684294448383, 0.13052725791931152, 0.128970819]
[[0, 4, 3, 5, 0, 0, 1, 1, 0, 4, 3, 5, 0], 1.0418681950419972, 0.2618844509124756, 0.259457535]
[[0, 4, 3, 5, 0, 2, 2, 3, 0, 0, 1, 1, 0], 1.032744509558596, 0.14067435264587402, 0.139104032]
[[0, 4, 3, 5, 0, 2, 2, 3, 0, 2, 2, 3, 0], 1.034168928882405, 0.12906336784362793, 0.127669273]
[[0, 4, 3, 5, 0, 2, 2, 3, 0, 4, 3, 5, 0], 1.0493607779319554, 0.16215968132019043, 0.159798537]
[[0, 4, 3, 5, 0, 4, 3, 5, 0, 0, 1, 1, 0], 1.028598201791796, 0.2675039768218994, 0.26505769]
[[0, 4, 3, 5, 0, 4, 3, 5, 0, 2, 2, 3, 0], 1.0220768748481996, 0.21868634223937988, 0.216465986]
[[0, 4, 3, 5, 0, 4, 3, 5, 0, 4, 3, 5, 0], 1.0121787750156446, 0.3340024948120117, 0.331011992]
[[1, 1, 0, 0, 1, 1, 0, 0, 1, 1, 0, 0, 1], 1.0036983134822919, 0.12232255935668945, 0.121217477]
[[1, 1, 0, 0, 1, 1, 0, 0, 1, 1, 0, 2, 2], 1.0058010939139697, 0.17680597305297852, 0.175735959]
[[1, 1, 0, 0, 1, 1, 0, 0, 1, 1, 0, 4, 3], 1.0115285213946672, 0.1936969757080078, 0.192134677]
[[1, 1, 0, 0, 1, 1, 0, 2, 2, 3, 0, 0, 1], 1.026846881894503, 0.09667515754699707, 0.095782104]
[[1, 1, 0, 0, 1, 1, 0, 2, 2, 3, 0, 2, 2], 1.016298240577912, 0.10884332656860352, 0.10800673]
[[1, 1, 0, 0, 1, 1, 0, 2, 2, 3, 0, 4, 3], 1.0397904815724583, 0.08286905288696289, 0.081631636]
[[1, 1, 0, 0, 1, 1, 0, 4, 3, 5, 0, 0, 1], 1.0382283104119885, 0.25142717361450195, 0.249610617]
[[1, 1, 0, 0, 1, 1, 0, 4, 3, 5, 0, 2, 2], 1.047102668175603, 0.15822482109069824, 0.156489513]
[[1, 1, 0, 0, 1, 1, 0, 4, 3, 5, 0, 4, 3], 1.0390857490528156, 0.29188990592956543, 0.289716956]
[[1, 1, 0, 2, 2, 3, 0, 0, 1, 1, 0, 0, 1], 1.0522877861860864, 0.055710792541503906, 0.054788081]
[[1, 1, 0, 2, 2, 3, 0, 0, 1, 1, 0, 2, 2], 1.0561962967115557, 0.04826927185058594, 0.047513729]
[[1, 1, 0, 2, 2, 3, 0, 0, 1, 1, 0, 4, 3], 1.0232172515014002, 0.07122468948364258, 0.069962781]
[[1, 1, 0, 2, 2, 3, 0, 2, 2, 3, 0, 0, 1], 1.0602732537760486, 0.051358699798583984, 0.050693126]
[[1, 1, 0, 2, 2, 3, 0, 2, 2, 3, 0, 2, 2], 1.037851623938279, 0.09741353988647461, 0.096837024]
[[1, 1, 0, 2, 2, 3, 0, 2, 2, 3, 0, 4, 3], 1.0679294571218991, 0.0658414363861084, 0.064862161]
[[1, 1, 0, 2, 2, 3, 0, 4, 3, 5, 0, 0, 1], 1.0246443772892744, 0.08172988891601562, 0.080196346]
[[1, 1, 0, 2, 2, 3, 0, 4, 3, 5, 0, 2, 2], 1.011579793428959, 0.14328217506408691, 0.141850034]
[[1, 1, 0, 2, 2, 3, 0, 4, 3, 5, 0, 4, 3], 1.0103420336329187, 0.1581735610961914, 0.156266805]
[[1, 1, 0, 4, 3, 5, 0, 0, 1, 1, 0, 0, 1], 1.0217238272773266, 0.22545123100280762, 0.223732831]
[[1, 1, 0, 4, 3, 5, 0, 0, 1, 1, 0, 2, 2], 1.036201802917463, 0.1324160099029541, 0.130730559]
[[1, 1, 0, 4, 3, 5, 0, 0, 1, 1, 0, 4, 3], 1.0226752228484015, 0.26183176040649414, 0.259679144]
[[1, 1, 0, 4, 3, 5, 0, 2, 2, 3, 0, 0, 1], 1.0314505602514763, 0.08675265312194824, 0.085182521]
[[1, 1, 0, 4, 3, 5, 0, 2, 2, 3, 0, 2, 2], 1.016576156867802, 0.09337687492370605, 0.091935135]
[[1, 1, 0, 4, 3, 5, 0, 2, 2, 3, 0, 4, 3], 1.0455295219239302, 0.13381671905517578, 0.131821273]
[[1, 1, 0, 4, 3, 5, 0, 4, 3, 5, 0, 0, 1], 1.0550465352197134, 0.2676231861114502, 0.26507195]
[[1, 1, 0, 4, 3, 5, 0, 4, 3, 5, 0, 2, 2], 1.020253386212492, 0.15083718299865723, 0.148502368]
[[1, 1, 0, 4, 3, 5, 0, 4, 3, 5, 0, 4, 3], 1.053507370274887, 0.3494858741760254, 0.346830724]
[[2, 3, 0, 0, 1, 1, 0, 0, 1, 1, 0, 0, 1], 1.012963153174484, 0.05529284477233887, 0.054286689]
[[2, 3, 0, 0, 1, 1, 0, 0, 1, 1, 0, 2, 2], 1.0117137275858101, 0.06592345237731934, 0.065077471]
[[2, 3, 0, 0, 1, 1, 0, 0, 1, 1, 0, 4, 3], 1.0156842500401129, 0.07198190689086914, 0.070655235]
[[2, 3, 0, 0, 1, 1, 0, 2, 2, 3, 0, 0, 1], 1.0123877834147237, 0.059352874755859375, 0.058582286]
[[2, 3, 0, 0, 1, 1, 0, 2, 2, 3, 0, 2, 2], 1.0025600420191116, 0.049921512603759766, 0.049275549]
[[2, 3, 0, 0, 1, 1, 0, 2, 2, 3, 0, 4, 3], 1.0077514211230003, 0.05756068229675293, 0.056464382]
[[2, 3, 0, 0, 1, 1, 0, 4, 3, 5, 0, 0, 1], 1.049354045558794, 0.09615182876586914, 0.094521262]
[[2, 3, 0, 0, 1, 1, 0, 4, 3, 5, 0, 2, 2], 1.0199817953853632, 0.07635307312011719, 0.074815851]
[[2, 3, 0, 0, 1, 1, 0, 4, 3, 5, 0, 4, 3], 1.0569886145276273, 0.16811347007751465, 0.166059177]
[[2, 3, 0, 2, 2, 3, 0, 0, 1, 1, 0, 0, 1], 1.0172578282820235, 0.05127143859863281, 0.05051022]
[[2, 3, 0, 2, 2, 3, 0, 0, 1, 1, 0, 2, 2], 1.0210653345455236, 0.04646587371826172, 0.045791069]
[[2, 3, 0, 2, 2, 3, 0, 0, 1, 1, 0, 4, 3], 1.0273998987628241, 0.07115292549133301, 0.070053223]
[[2, 3, 0, 2, 2, 3, 0, 2, 2, 3, 0, 0, 1], 1.0271628414246587, 0.05215644836425781, 0.05160255]
[[2, 3, 0, 2, 2, 3, 0, 2, 2, 3, 0, 2, 2], 1.0348792990801678, 0.06078672409057617, 0.060384545]
[[2, 3, 0, 2, 2, 3, 0, 2, 2, 3, 0, 4, 3], 1.031390592267928, 0.08147573471069336, 0.080587924]
[[2, 3, 0, 2, 2, 3, 0, 4, 3, 5, 0, 0, 1], 1.0418547054646063, 0.08490705490112305, 0.083441045]
[[2, 3, 0, 2, 2, 3, 0, 4, 3, 5, 0, 2, 2], 1.0452843015785154, 0.07654643058776855, 0.075155792]
[[2, 3, 0, 2, 2, 3, 0, 4, 3, 5, 0, 4, 3], 1.0337735355343565, 0.16086912155151367, 0.158953832]
[[2, 3, 0, 4, 3, 5, 0, 0, 1, 1, 0, 0, 1], 1.0465760527786583, 0.09810876846313477, 0.09649114]
[[2, 3, 0, 4, 3, 5, 0, 0, 1, 1, 0, 2, 2], 1.0381922219485806, 0.08017206192016602, 0.078593205]
[[2, 3, 0, 4, 3, 5, 0, 0, 1, 1, 0, 4, 3], 1.0584951061938284, 0.15244340896606445, 0.150391559]
[[2, 3, 0, 4, 3, 5, 0, 2, 2, 3, 0, 0, 1], 1.0498513540975836, 0.11525082588195801, 0.113707855]
[[2, 3, 0, 4, 3, 5, 0, 2, 2, 3, 0, 2, 2], 1.0115612691958846, 0.0766913890838623, 0.075370282]
[[2, 3, 0, 4, 3, 5, 0, 2, 2, 3, 0, 4, 3], 1.0100749549884014, 0.0864107608795166, 0.08465356]
[[2, 3, 0, 4, 3, 5, 0, 4, 3, 5, 0, 0, 1], 1.0509763256582931, 0.16987943649291992, 0.167555712]
[[2, 3, 0, 4, 3, 5, 0, 4, 3, 5, 0, 2, 2], 1.0120105964033128, 0.1425461769104004, 0.140307853]
[[2, 3, 0, 4, 3, 5, 0, 4, 3, 5, 0, 4, 3], 1.0008073740630905, 0.20803618431091309, 0.20543864]
[[3, 5, 0, 0, 1, 1, 0, 0, 1, 1, 0, 0, 1], 1.0128387317371212, 0.13788557052612305, 0.13650043]
[[3, 5, 0, 0, 1, 1, 0, 0, 1, 1, 0, 2, 2], 1.020998618346513, 0.06663632392883301, 0.065269245]
[[3, 5, 0, 0, 1, 1, 0, 0, 1, 1, 0, 4, 3], 1.0392835193829248, 0.1962289810180664, 0.194335481]
[[3, 5, 0, 0, 1, 1, 0, 2, 2, 3, 0, 0, 1], 1.0227333555263123, 0.06018972396850586, 0.058949048]
[[3, 5, 0, 0, 1, 1, 0, 2, 2, 3, 0, 2, 2], 1.028772680744778, 0.06373286247253418, 0.062620752]
[[3, 5, 0, 0, 1, 1, 0, 2, 2, 3, 0, 4, 3], 1.0440878644872014, 0.12500667572021484, 0.123417982]
[[3, 5, 0, 0, 1, 1, 0, 4, 3, 5, 0, 0, 1], 1.0565035901143847, 0.20040583610534668, 0.198324014]
[[3, 5, 0, 0, 1, 1, 0, 4, 3, 5, 0, 2, 2], 1.0207135498196203, 0.12468791007995605, 0.122536129]
[[3, 5, 0, 0, 1, 1, 0, 4, 3, 5, 0, 4, 3], 1.0523898721526004, 0.2767021656036377, 0.274327638]
[[3, 5, 0, 2, 2, 3, 0, 0, 1, 1, 0, 0, 1], 1.0000098619440416, 0.07254552841186523, 0.071269128]
[[3, 5, 0, 2, 2, 3, 0, 0, 1, 1, 0, 2, 2], 1.0073098871843764, 0.057442665100097656, 0.056239004]
[[3, 5, 0, 2, 2, 3, 0, 0, 1, 1, 0, 4, 3], 1.0248739024286886, 0.09492635726928711, 0.093372073]
[[3, 5, 0, 2, 2, 3, 0, 2, 2, 3, 0, 0, 1], 1.0326790424192684, 0.05925393104553223, 0.058226426]
[[3, 5, 0, 2, 2, 3, 0, 2, 2, 3, 0, 2, 2], 1.0049961986903826, 0.06952047348022461, 0.068606196]
[[3, 5, 0, 2, 2, 3, 0, 2, 2, 3, 0, 4, 3], 1.0315514963483023, 0.07761049270629883, 0.076245087]
[[3, 5, 0, 2, 2, 3, 0, 4, 3, 5, 0, 0, 1], 1.0512048625264785, 0.09659171104431152, 0.094818091]
[[3, 5, 0, 2, 2, 3, 0, 4, 3, 5, 0, 2, 2], 1.0073312755278228, 0.08825230598449707, 0.086500153]
[[3, 5, 0, 2, 2, 3, 0, 4, 3, 5, 0, 4, 3], 1.0269636889134768, 0.16949105262756348, 0.167075826]
[[3, 5, 0, 4, 3, 5, 0, 0, 1, 1, 0, 0, 1], 1.027666123754047, 0.19460177421569824, 0.192558117]
[[3, 5, 0, 4, 3, 5, 0, 0, 1, 1, 0, 2, 2], 1.0357995073347084, 0.16078925132751465, 0.15876349]
[[3, 5, 0, 4, 3, 5, 0, 0, 1, 1, 0, 4, 3], 1.0347486262410406, 0.28863096237182617, 0.286060768]
[[3, 5, 0, 4, 3, 5, 0, 2, 2, 3, 0, 0, 1], 1.0690640770953093, 0.14743661880493164, 0.145595288]
[[3, 5, 0, 4, 3, 5, 0, 2, 2, 3, 0, 2, 2], 1.0482097519052422, 0.14751338958740234, 0.145731216]
[[3, 5, 0, 4, 3, 5, 0, 2, 2, 3, 0, 4, 3], 1.0830173776221177, 0.17620515823364258, 0.17407996]
[[3, 5, 0, 4, 3, 5, 0, 4, 3, 5, 0, 0, 1], 1.0582327682355217, 0.2849705219268799, 0.282263933]
[[3, 5, 0, 4, 3, 5, 0, 4, 3, 5, 0, 2, 2], 1.0787168190571517, 0.2642216682434082, 0.261596571]
[[3, 5, 0, 4, 3, 5, 0, 4, 3, 5, 0, 4, 3], 1.0562314843135814, 0.3235747814178467, 0.32051493]
