[[0, 0, 1, 1, 0, 0, 1, 1, 0, 0, 1], 6.600807785502511942, 0.21081209182739258, 0]
[[0, 0, 1, 1, 0, 0, 1, 1, 0, 2, 2], 2.7526086656048047788, 0.21515274047851562, 0]
[[0, 0, 1, 1, 0, 0, 1, 1, 0, 4, 3], 2.6764344706455887907, 0.21178698539733887, 0]
[[0, 0, 1, 1, 0, 2, 2, 3, 0, 0, 1], 1.4846643764497007679, 0.19945168495178223, 0]
[[0, 0, 1, 1, 0, 2, 2, 3, 0, 2, 2], 2.3703415335230629047, 0.1901841163635254, 0]
[[0, 0, 1, 1, 0, 2, 2, 3, 0, 4, 3], 1.0329790617431402519, 0.2118971347808838, 0]
[[0, 0, 1, 1, 0, 4, 3, 5, 0, 0, 1], 1.267426711104140351, 0.1681382656097412, 0]
[[0, 0, 1, 1, 0, 4, 3, 5, 0, 2, 2], 1.1880647494446301113, 0.17566514015197754, 0]
[[0, 0, 1, 1, 0, 4, 3, 5, 0, 4, 3], 1.8244627896552819441, 0.18233180046081543, 0]
[[0, 2, 2, 3, 0, 0, 1, 1, 0, 0, 1], 4.074407736271022674, 0.1679854393005371, 0]
[[0, 2, 2, 3, 0, 0, 1, 1, 0, 2, 2], 1.305182500524650858, 0.1869218349456787, 0]
[[0, 2, 2, 3, 0, 0, 1, 1, 0, 4, 3], 1.1354220740071919585, 0.22611427307128906, 0]
[[0, 2, 2, 3, 0, 2, 2, 3, 0, 0, 1], 4.898948312237219957, 0.18792104721069336, 0]
[[0, 2, 2, 3, 0, 2, 2, 3, 0, 2, 2], 8.137864177091768472, 0.1958158016204834, 0]
[[0, 2, 2, 3, 0, 2, 2, 3, 0, 4, 3], 3.7588498034016900008, 0.20775055885314941, 0]
[[0, 2, 2, 3, 0, 4, 3, 5, 0, 0, 1], 1.4981158752195561178, 0.21104788780212402, 0]
[[0, 2, 2, 3, 0, 4, 3, 5, 0, 2, 2], 1.1432749513859496895, 0.19931387901306152, 0]
[[0, 2, 2, 3, 0, 4, 3, 5, 0, 4, 3], 2.2931833392294621269, 0.2056872844696045, 0]
[[0, 4, 3, 5, 0, 0, 1, 1, 0, 0, 1], 3.708832341830034474, 0.20937561988830566, 0]
[[0, 4, 3, 5, 0, 0, 1, 1, 0, 2, 2], 1.1526614659764907836, 0.2065715789794922, 0]
[[0, 4, 3, 5, 0, 0, 1, 1, 0, 4, 3], 1.1446899300233716073, 0.21431493759155273, 0]
[[0, 4, 3, 5, 0, 2, 2, 3, 0, 0, 1], 1.5026915523363534501, 0.21172809600830078, 0]
[[0, 4, 3, 5, 0, 2, 2, 3, 0, 2, 2], 2.4067545785413618946, 0.22583913803100586, 0]
[[0, 4, 3, 5, 0, 2, 2, 3, 0, 4, 3], 1.2128755207739253608, 0.21814441680908203, 0]
[[0, 4, 3, 5, 0, 4, 3, 5, 0, 0, 1], 2.2386987134276464973, 0.24007964134216309, 0]
[[0, 4, 3, 5, 0, 4, 3, 5, 0, 2, 2], 1.4524262536876160874, 0.17974519729614258, 0]
[[0, 4, 3, 5, 0, 4, 3, 5, 0, 4, 3], 3.802573872237287016, 0.2589104175567627, 0]
[[1, 1, 0, 0, 1, 1, 0, 0, 1, 1, 0], 6.5595487623690050885, 0.16278481483459473, 0]
[[1, 1, 0, 0, 1, 1, 0, 2, 2, 3, 0], 3.5121151032908950974, 0.1549663543701172, 0]
[[1, 1, 0, 0, 1, 1, 0, 4, 3, 5, 0], 3.3965753450534405644, 0.18629789352416992, 0]
[[1, 1, 0, 2, 2, 3, 0, 0, 1, 1, 0], 1.7908405776762392547, 0.16289925575256348, 0]
[[1, 1, 0, 2, 2, 3, 0, 2, 2, 3, 0], 4.7616781359725389795, 0.15480327606201172, 0]
[[1, 1, 0, 2, 2, 3, 0, 4, 3, 5, 0], 1.6421951462570439516, 0.1691145896911621, 0]
[[1, 1, 0, 4, 3, 5, 0, 0, 1, 1, 0], 1.4625853273105956319, 0.18254327774047852, 0]
[[1, 1, 0, 4, 3, 5, 0, 2, 2, 3, 0], 1.2856930500243035537, 0.1673111915588379, 0]
[[1, 1, 0, 4, 3, 5, 0, 4, 3, 5, 0], 2.2249176991727794533, 0.19270992279052734, 0]
[[2, 3, 0, 0, 1, 1, 0, 0, 1, 1, 0], 2.6572369275778178412, 0.1630852222442627, 0]
[[2, 3, 0, 0, 1, 1, 0, 2, 2, 3, 0], 1.5350395193152245355, 0.16633081436157227, 0]
[[2, 3, 0, 0, 1, 1, 0, 4, 3, 5, 0], 1.2293882794458096564, 0.17397403717041016, 0]
[[2, 3, 0, 2, 2, 3, 0, 0, 1, 1, 0], 2.8831735654681688399, 0.16505646705627441, 0]
[[2, 3, 0, 2, 2, 3, 0, 2, 2, 3, 0], 7.9782525746477654057, 0.16078591346740723, 0]
[[2, 3, 0, 2, 2, 3, 0, 4, 3, 5, 0], 2.4851637259083256691, 0.16314053535461426, 0]
[[2, 3, 0, 4, 3, 5, 0, 0, 1, 1, 0], 1.0583435894591006823, 0.17996454238891602, 0]
[[2, 3, 0, 4, 3, 5, 0, 2, 2, 3, 0], 1.2527485227792152839, 0.18099498748779297, 0]
[[2, 3, 0, 4, 3, 5, 0, 4, 3, 5, 0], 1.5581113598654213441, 0.1812431812286377, 0]
[[3, 5, 0, 0, 1, 1, 0, 0, 1, 1, 0], 2.9521752054486017796, 0.17464137077331543, 0]
[[3, 5, 0, 0, 1, 1, 0, 2, 2, 3, 0], 1.0314666893843045922, 0.1694180965423584, 0]
[[3, 5, 0, 0, 1, 1, 0, 4, 3, 5, 0], 1.1320683052905640898, 0.18974637985229492, 0]
[[3, 5, 0, 2, 2, 3, 0, 0, 1, 1, 0], 1.2418947888172311205, 0.1697521209716797, 0]
[[3, 5, 0, 2, 2, 3, 0, 2, 2, 3, 0], 3.447658664015876642, 0.1631145477294922, 0]
[[3, 5, 0, 2, 2, 3, 0, 4, 3, 5, 0], 1.1389490431971782136, 0.1750483512878418, 0]
[[3, 5, 0, 4, 3, 5, 0, 0, 1, 1, 0], 2.1164030012086670444, 0.1851048469543457, 0]
[[3, 5, 0, 4, 3, 5, 0, 2, 2, 3, 0], 2.0088178686563841887, 0.17972111701965332, 0]
[[3, 5, 0, 4, 3, 5, 0, 4, 3, 5, 0], 3.7862867566332898879, 0.19115281105041504, 0]
