[[0, 1, 2, 4, 0, 1, 2, 4, 0, 1, 2, 4, 0, 1, 2], 143.13848406020816, 0.0022449493408203125, 0]
[[0, 1, 2, 4, 0, 1, 2, 4, 0, 1, 2, 4, 0, 0, 1], 35603.0753545289, 0.002846956253051758, 0]
[[0, 1, 2, 4, 0, 1, 2, 4, 0, 1, 2, 4, 0, 2, 3], 35364.50572670022, 0.0022826194763183594, 0]
[[0, 1, 2, 4, 0, 1, 2, 4, 0, 0, 1, 3, 0, 1, 2], 8834.513466348591, 0.0035119056701660156, 0]
[[0, 1, 2, 4, 0, 1, 2, 4, 0, 0, 1, 3, 0, 0, 1], 35811.77576637584, 0.004593610763549805, 0]
[[0, 1, 2, 4, 0, 1, 2, 4, 0, 0, 1, 3, 0, 2, 3], 42408.87733757119, 0.0035712718963623047, 0]
[[0, 1, 2, 4, 0, 1, 2, 4, 0, 2, 3, 5, 0, 1, 2], 153367.6562297192, 0.0022897720336914062, 0]
[[0, 1, 2, 4, 0, 1, 2, 4, 0, 2, 3, 5, 0, 2, 3], 482640.89856398373, 0.0023071765899658203, 0]
[[0, 0, 1, 3, 0, 1, 2, 4, 0, 1, 2, 4, 0, 1, 2], 347.86621861506705, 0.0036270618438720703, 0]
[[0, 0, 1, 3, 0, 1, 2, 4, 0, 1, 2, 4, 0, 0, 1], 48040.573895966394, 0.004967927932739258, 0]
[[0, 0, 1, 3, 0, 1, 2, 4, 0, 1, 2, 4, 0, 2, 3], 43394.983580031905, 0.003898143768310547, 0]
[[0, 0, 1, 3, 0, 0, 1, 3, 0, 0, 1, 3, 0, 1, 2], 113.89938804092314, 0.008182048797607422, 0]
[[0, 0, 1, 3, 0, 0, 1, 3, 0, 0, 1, 3, 0, 0, 1], 383.25889883683755, 0.008533477783203125, 0]
[[0, 0, 1, 3, 0, 0, 1, 3, 0, 0, 1, 3, 0, 2, 3], 487.1662517700366, 0.0073359012603759766, 0]
[[0, 0, 1, 3, 0, 0, 1, 3, 0, 2, 3, 5, 0, 1, 2], 1931.6226158377042, 0.006693363189697266, 0]
[[0, 0, 1, 3, 0, 0, 1, 3, 0, 2, 3, 5, 0, 2, 3], 7099.618244696836, 0.005524635314941406, 0]
[[0, 0, 1, 3, 0, 2, 3, 5, 0, 2, 3, 5, 0, 1, 2], 25707.25369850898, 0.0037958621978759766, 0]
[[0, 0, 1, 3, 0, 2, 3, 5, 0, 2, 3, 5, 0, 2, 3], 105016.81310806528, 0.004090785980224609, 0]
[[0, 2, 3, 5, 0, 1, 2, 4, 0, 1, 2, 4, 0, 1, 2], 2741.412346794785, 0.002400636672973633, 0]
[[0, 2, 3, 5, 0, 1, 2, 4, 0, 1, 2, 4, 0, 0, 1], 465523.3726921516, 0.003016233444213867, 0]
[[0, 2, 3, 5, 0, 1, 2, 4, 0, 1, 2, 4, 0, 2, 3], 402483.3098791781, 0.0022056102752685547, 0]
[[0, 2, 3, 5, 0, 0, 1, 3, 0, 0, 1, 3, 0, 1, 2], 1138.2166344448235, 0.005395412445068359, 0]
[[0, 2, 3, 5, 0, 0, 1, 3, 0, 0, 1, 3, 0, 0, 1], 4731.065257722283, 0.007809877395629883, 0]
[[0, 2, 3, 5, 0, 0, 1, 3, 0, 0, 1, 3, 0, 2, 3], 5690.756132360447, 0.005405426025390625, 0]
[[0, 2, 3, 5, 0, 0, 1, 3, 0, 2, 3, 5, 0, 1, 2], 17208.61683458806, 0.0038480758666992188, 0]
[[0, 2, 3, 5, 0, 0, 1, 3, 0, 2, 3, 5, 0, 2, 3], 81542.24335770487, 0.003568410873413086, 0]
[[0, 2, 3, 5, 0, 2, 3, 5, 0, 0, 1, 3, 0, 1, 2], 14603.776493501047, 0.004213809967041016, 0]
[[0, 2, 3, 5, 0, 2, 3, 5, 0, 0, 1, 3, 0, 2, 3], 83502.95577570473, 0.0037572383880615234, 0]
[[0, 2, 3, 5, 0, 2, 3, 5, 0, 2, 3, 5, 0, 1, 2], 162463.56285334134, 0.0021800994873046875, 0]
[[0, 2, 3, 5, 0, 2, 3, 5, 0, 2, 3, 5, 0, 2, 3], 723825.636394349, 0.0021238327026367188, 0]
[[1, 3, 0, 1, 2, 4, 0, 1, 2, 4, 0, 1, 2, 4, 0], 35603.0753545289, 0.0029473304748535156, 0]
[[1, 3, 0, 1, 2, 4, 0, 1, 2, 4, 0, 0, 1, 3, 0], 48040.573895966394, 0.004570484161376953, 0]
[[1, 3, 0, 1, 2, 4, 0, 1, 2, 4, 0, 2, 3, 5, 0], 465523.3726921516, 0.0027298927307128906, 0]
[[1, 3, 0, 0, 1, 3, 0, 1, 2, 4, 0, 1, 2, 4, 0], 35811.77576637584, 0.004622459411621094, 0]
[[1, 3, 0, 0, 1, 3, 0, 0, 1, 3, 0, 0, 1, 3, 0], 383.25889883683755, 0.008081197738647461, 0]
[[1, 3, 0, 0, 1, 3, 0, 0, 1, 3, 0, 2, 3, 5, 0], 4731.065257722283, 0.0058135986328125, 0]
[[3, 5, 0, 1, 2, 4, 0, 1, 2, 4, 0, 1, 2, 4, 0], 35364.50572670022, 0.0020918846130371094, 0]
[[3, 5, 0, 1, 2, 4, 0, 1, 2, 4, 0, 0, 1, 3, 0], 43394.983580031905, 0.0036554336547851562, 0]
[[3, 5, 0, 1, 2, 4, 0, 1, 2, 4, 0, 2, 3, 5, 0], 402483.3098791781, 0.002110719680786133, 0]
[[3, 5, 0, 1, 2, 4, 0, 0, 1, 3, 0, 0, 1, 3, 0], 16671.301983423178, 0.005136966705322266, 0]
[[3, 5, 0, 1, 2, 4, 0, 0, 1, 3, 0, 2, 3, 5, 0], 175781.7380596089, 0.003974437713623047, 0]
[[3, 5, 0, 0, 1, 3, 0, 1, 2, 4, 0, 1, 2, 4, 0], 42408.8773375712, 0.004514455795288086, 0]
[[3, 5, 0, 0, 1, 3, 0, 1, 2, 4, 0, 2, 3, 5, 0], 165845.54408422057, 0.0034639835357666016, 0]
[[3, 5, 0, 0, 1, 3, 0, 0, 1, 3, 0, 0, 1, 3, 0], 487.1662517700367, 0.006526470184326172, 0]
[[3, 5, 0, 0, 1, 3, 0, 0, 1, 3, 0, 2, 3, 5, 0], 5690.756132360447, 0.005008697509765625, 0]
[[3, 5, 0, 0, 1, 3, 0, 2, 3, 5, 0, 0, 1, 3, 0], 12123.019461347265, 0.005090951919555664, 0]
[[3, 5, 0, 0, 1, 3, 0, 2, 3, 5, 0, 2, 3, 5, 0], 83502.95577570474, 0.0034074783325195312, 0]
[[3, 5, 0, 2, 3, 5, 0, 1, 2, 4, 0, 1, 2, 4, 0], 482640.89856398373, 0.0022268295288085938, 0]
[[3, 5, 0, 2, 3, 5, 0, 1, 2, 4, 0, 2, 3, 5, 0], 1837211.8728032198, 0.0022096633911132812, 0]
[[3, 5, 0, 2, 3, 5, 0, 0, 1, 3, 0, 0, 1, 3, 0], 7099.618244696836, 0.004835605621337891, 0]
[[3, 5, 0, 2, 3, 5, 0, 0, 1, 3, 0, 2, 3, 5, 0], 81542.24335770487, 0.003296375274658203, 0]
[[3, 5, 0, 2, 3, 5, 0, 2, 3, 5, 0, 0, 1, 3, 0], 105016.81310806528, 0.0035614967346191406, 0]
[[3, 5, 0, 2, 3, 5, 0, 2, 3, 5, 0, 2, 3, 5, 0], 723825.636394349, 0.0020835399627685547, 0]
[[2, 4, 0, 1, 2, 4, 0, 1, 2, 4, 0, 1, 2, 4, 0], 143.13848406020816, 0.0023038387298583984, 0]
[[2, 4, 0, 1, 2, 4, 0, 1, 2, 4, 0, 0, 1, 3, 0], 347.86621861506705, 0.0037200450897216797, 0]
[[2, 4, 0, 1, 2, 4, 0, 1, 2, 4, 0, 2, 3, 5, 0], 2741.4123467947848, 0.00214385986328125, 0]
[[2, 4, 0, 1, 2, 4, 0, 0, 1, 3, 0, 1, 2, 4, 0], 8834.513466348591, 0.0035288333892822266, 0]
[[2, 4, 0, 1, 2, 4, 0, 0, 1, 3, 0, 0, 1, 3, 0], 246.33798888116416, 0.0051441192626953125, 0]
[[2, 4, 0, 1, 2, 4, 0, 0, 1, 3, 0, 2, 3, 5, 0], 3044.7624979323737, 0.0035338401794433594, 0]
[[2, 4, 0, 1, 2, 4, 0, 2, 3, 5, 0, 1, 2, 4, 0], 153367.65622971923, 0.002227306365966797, 0]
[[2, 4, 0, 1, 2, 4, 0, 2, 3, 5, 0, 0, 1, 3, 0], 4966.124776161797, 0.0037314891815185547, 0]
[[2, 4, 0, 1, 2, 4, 0, 2, 3, 5, 0, 2, 3, 5, 0], 34523.384449526005, 0.002177715301513672, 0]
[[2, 4, 0, 0, 1, 3, 0, 1, 2, 4, 0, 1, 2, 4, 0], 8834.513466348591, 0.0035219192504882812, 0]
[[2, 4, 0, 0, 1, 3, 0, 1, 2, 4, 0, 0, 1, 3, 0], 2446.6589454658038, 0.00575566291809082, 0]
[[2, 4, 0, 0, 1, 3, 0, 1, 2, 4, 0, 2, 3, 5, 0], 17574.26553656515, 0.003945827484130859, 0]
[[2, 4, 0, 0, 1, 3, 0, 0, 1, 3, 0, 1, 2, 4, 0], 2616.84402804613, 0.005536556243896484, 0]
[[2, 4, 0, 0, 1, 3, 0, 0, 1, 3, 0, 0, 1, 3, 0], 113.89938804092314, 0.007706165313720703, 0]
[[2, 4, 0, 0, 1, 3, 0, 0, 1, 3, 0, 2, 3, 5, 0], 1138.2166344448235, 0.005743265151977539, 0]
[[2, 4, 0, 0, 1, 3, 0, 2, 3, 5, 0, 1, 2, 4, 0], 34838.12770104139, 0.0037136077880859375, 0]
[[2, 4, 0, 0, 1, 3, 0, 2, 3, 5, 0, 0, 1, 3, 0], 2262.4125996972084, 0.005479097366333008, 0]
[[2, 4, 0, 0, 1, 3, 0, 2, 3, 5, 0, 2, 3, 5, 0], 14603.77649350105, 0.0036001205444335938, 0]
[[2, 4, 0, 2, 3, 5, 0, 1, 2, 4, 0, 1, 2, 4, 0], 153367.6562297192, 0.0022754669189453125, 0]
[[2, 4, 0, 2, 3, 5, 0, 1, 2, 4, 0, 0, 1, 3, 0], 33033.861983764735, 0.003758668899536133, 0]
[[2, 4, 0, 2, 3, 5, 0, 1, 2, 4, 0, 2, 3, 5, 0], 215172.88910734892, 0.0021648406982421875, 0]
[[2, 4, 0, 2, 3, 5, 0, 0, 1, 3, 0, 1, 2, 4, 0], 35210.287061263174, 0.003704547882080078, 0]
[[2, 4, 0, 2, 3, 5, 0, 0, 1, 3, 0, 0, 1, 3, 0], 1931.622615837704, 0.005588531494140625, 0]
[[2, 4, 0, 2, 3, 5, 0, 0, 1, 3, 0, 2, 3, 5, 0], 17208.61683458806, 0.0038247108459472656, 0]
[[2, 4, 0, 2, 3, 5, 0, 2, 3, 5, 0, 1, 2, 4, 0], 382305.03613031603, 0.0022110939025878906, 0]
[[2, 4, 0, 2, 3, 5, 0, 2, 3, 5, 0, 0, 1, 3, 0], 25707.25369850898, 0.00458526611328125, 0]
[[2, 4, 0, 2, 3, 5, 0, 2, 3, 5, 0, 2, 3, 5, 0], 162463.56285334134, 0.002735137939453125, 0]
