[[0, 1, 2, 4, 0, 1, 2, 4, 0, 1, 2, 4, 0, 1, 2], 2462.2569870420433626, 0.23614287376403809, 0]
[[0, 1, 2, 4, 0, 1, 2, 4, 0, 1, 2, 4, 0, 0, 1], 672.7787227002026776, 0.23801636695861816, 0]
[[0, 1, 2, 4, 0, 1, 2, 4, 0, 1, 2, 4, 0, 2, 3], 426.0532951813308243, 0.22428202629089355, 0]
[[0, 1, 2, 4, 0, 1, 2, 4, 0, 0, 1, 3, 0, 1, 2], 3.9909489129412550304, 0.25910377502441406, 0]
[[0, 1, 2, 4, 0, 1, 2, 4, 0, 0, 1, 3, 0, 0, 1], 44.637215388037361115, 0.2764577865600586, 0]
[[0, 1, 2, 4, 0, 1, 2, 4, 0, 0, 1, 3, 0, 2, 3], 19.74923744155805296, 0.2520725727081299, 0]
[[0, 1, 2, 4, 0, 1, 2, 4, 0, 2, 3, 5, 0, 1, 2], 2.761530659855110323, 0.24239039421081543, 0]
[[0, 1, 2, 4, 0, 1, 2, 4, 0, 2, 3, 5, 0, 2, 3], 38.968867096929278873, 0.2535371780395508, 0]
[[0, 0, 1, 3, 0, 1, 2, 4, 0, 1, 2, 4, 0, 1, 2], 108.12086641957334309, 0.25830912590026855, 0]
[[0, 0, 1, 3, 0, 1, 2, 4, 0, 1, 2, 4, 0, 0, 1], 52.716253632325912947, 0.26290106773376465, 0]
[[0, 0, 1, 3, 0, 1, 2, 4, 0, 1, 2, 4, 0, 2, 3], 36.71559372763096457, 0.25035810470581055, 0]
[[0, 0, 1, 3, 0, 0, 1, 3, 0, 0, 1, 3, 0, 1, 2], 3.4967250978578872916, 0.3440113067626953, 0]
[[0, 0, 1, 3, 0, 0, 1, 3, 0, 0, 1, 3, 0, 0, 1], 28.506539277086505466, 0.3741130828857422, 0]
[[0, 0, 1, 3, 0, 0, 1, 3, 0, 0, 1, 3, 0, 2, 3], 12.7308201634691418565, 0.3746333122253418, 0]
[[0, 0, 1, 3, 0, 0, 1, 3, 0, 2, 3, 5, 0, 1, 2], 2.1955307015160234663, 0.3469831943511963, 0]
[[0, 0, 1, 3, 0, 0, 1, 3, 0, 2, 3, 5, 0, 2, 3], 9.268904978952282554, 0.31592464447021484, 0]
[[0, 0, 1, 3, 0, 2, 3, 5, 0, 2, 3, 5, 0, 1, 2], 1.7249279853291369485, 0.2940673828125, 0]
[[0, 0, 1, 3, 0, 2, 3, 5, 0, 2, 3, 5, 0, 2, 3], 6.355968804554029853, 0.2881622314453125, 0]
[[0, 2, 3, 5, 0, 1, 2, 4, 0, 1, 2, 4, 0, 1, 2], 85.632849356002535925, 0.24556612968444824, 0]
[[0, 2, 3, 5, 0, 1, 2, 4, 0, 1, 2, 4, 0, 0, 1], 33.903694378930161676, 0.26703619956970215, 0]
[[0, 2, 3, 5, 0, 1, 2, 4, 0, 1, 2, 4, 0, 2, 3], 24.671112185506374843, 0.23700547218322754, 0]
[[0, 2, 3, 5, 0, 0, 1, 3, 0, 0, 1, 3, 0, 1, 2], 2.1792373803900731383, 0.3264200687408447, 0]
[[0, 2, 3, 5, 0, 0, 1, 3, 0, 0, 1, 3, 0, 0, 1], 12.703850481728894067, 0.3345503807067871, 0]
[[0, 2, 3, 5, 0, 0, 1, 3, 0, 0, 1, 3, 0, 2, 3], 6.1679523098333645594, 0.33945369720458984, 0]
[[0, 2, 3, 5, 0, 0, 1, 3, 0, 2, 3, 5, 0, 1, 2], 1.5286131368462572034, 0.28900909423828125, 0]
[[0, 2, 3, 5, 0, 0, 1, 3, 0, 2, 3, 5, 0, 2, 3], 4.492003982285871483, 0.27812647819519043, 0]
[[0, 2, 3, 5, 0, 2, 3, 5, 0, 0, 1, 3, 0, 1, 2], 1.7782375546008984295, 0.27764201164245605, 0]
[[0, 2, 3, 5, 0, 2, 3, 5, 0, 0, 1, 3, 0, 2, 3], 4.272969146358212175, 0.28362345695495605, 0]
[[0, 2, 3, 5, 0, 2, 3, 5, 0, 2, 3, 5, 0, 1, 2], 1.7311866395456852506, 0.25717616081237793, 0]
[[0, 2, 3, 5, 0, 2, 3, 5, 0, 2, 3, 5, 0, 2, 3], 7.274634349413183734, 0.2542390823364258, 0]
[[1, 3, 0, 1, 2, 4, 0, 1, 2, 4, 0, 1, 2, 4, 0], 942.0070417805844523, 0.2515754699707031, 0]
[[1, 3, 0, 1, 2, 4, 0, 1, 2, 4, 0, 0, 1, 3, 0], 32.51963616345478667, 0.2691514492034912, 0]
[[1, 3, 0, 1, 2, 4, 0, 1, 2, 4, 0, 2, 3, 5, 0], 59.857270825825358223, 0.24520182609558105, 0]
[[1, 3, 0, 0, 1, 3, 0, 1, 2, 4, 0, 1, 2, 4, 0], 98.172303220539758384, 0.2816441059112549, 0]
[[1, 3, 0, 0, 1, 3, 0, 0, 1, 3, 0, 0, 1, 3, 0], 30.923440613297742104, 0.3129727840423584, 0]
[[1, 3, 0, 0, 1, 3, 0, 0, 1, 3, 0, 2, 3, 5, 0], 17.846888646900579804, 0.311664342880249, 0]
[[3, 5, 0, 1, 2, 4, 0, 1, 2, 4, 0, 1, 2, 4, 0], 614.7922010366303556, 0.2222728729248047, 0]
[[3, 5, 0, 1, 2, 4, 0, 1, 2, 4, 0, 0, 1, 3, 0], 25.069215174637978237, 0.24964499473571777, 0]
[[3, 5, 0, 1, 2, 4, 0, 1, 2, 4, 0, 2, 3, 5, 0], 53.65403715530976071, 0.2289566993713379, 0]
[[3, 5, 0, 1, 2, 4, 0, 0, 1, 3, 0, 0, 1, 3, 0], 5.404690333099405949, 0.2736055850982666, 0]
[[3, 5, 0, 1, 2, 4, 0, 0, 1, 3, 0, 2, 3, 5, 0], 6.423850288099267646, 0.2515871524810791, 0]
[[3, 5, 0, 0, 1, 3, 0, 1, 2, 4, 0, 1, 2, 4, 0], 53.15934409163283177, 0.250746488571167, 0]
[[3, 5, 0, 0, 1, 3, 0, 1, 2, 4, 0, 2, 3, 5, 0], 7.060746473748572887, 0.25325727462768555, 0]
[[3, 5, 0, 0, 1, 3, 0, 0, 1, 3, 0, 0, 1, 3, 0], 16.249768663380256578, 0.2950866222381592, 0]
[[3, 5, 0, 0, 1, 3, 0, 0, 1, 3, 0, 2, 3, 5, 0], 10.712318925939249457, 0.2753767967224121, 0]
[[3, 5, 0, 0, 1, 3, 0, 2, 3, 5, 0, 0, 1, 3, 0], 4.817700575530135382, 0.2957606315612793, 0]
[[3, 5, 0, 0, 1, 3, 0, 2, 3, 5, 0, 2, 3, 5, 0], 7.2818452617956590227, 0.2632734775543213, 0]
[[3, 5, 0, 2, 3, 5, 0, 1, 2, 4, 0, 1, 2, 4, 0], 48.99792373409170297, 0.34918880462646484, 0]
[[3, 5, 0, 2, 3, 5, 0, 1, 2, 4, 0, 2, 3, 5, 0], 7.0095660834854494254, 0.23284626007080078, 0]
[[3, 5, 0, 2, 3, 5, 0, 0, 1, 3, 0, 0, 1, 3, 0], 11.476194920794749018, 0.287186861038208, 0]
[[3, 5, 0, 2, 3, 5, 0, 0, 1, 3, 0, 2, 3, 5, 0], 7.429026900679108011, 0.26232194900512695, 0]
[[3, 5, 0, 2, 3, 5, 0, 2, 3, 5, 0, 0, 1, 3, 0], 7.917803052433493773, 0.26624178886413574, 0]
[[3, 5, 0, 2, 3, 5, 0, 2, 3, 5, 0, 2, 3, 5, 0], 13.857750784268549653, 0.2569122314453125, 0]
[[2, 4, 0, 1, 2, 4, 0, 1, 2, 4, 0, 1, 2, 4, 0], 7711.6877412137596717, 0.21864652633666992, 0]
[[2, 4, 0, 1, 2, 4, 0, 1, 2, 4, 0, 0, 1, 3, 0], 202.91207585760789534, 0.249617338180542, 0]
[[2, 4, 0, 1, 2, 4, 0, 1, 2, 4, 0, 2, 3, 5, 0], 665.43809966509401665, 0.2321164608001709, 0]
[[2, 4, 0, 1, 2, 4, 0, 0, 1, 3, 0, 1, 2, 4, 0], 12.464251279509369225, 0.25916624069213867, 0]
[[2, 4, 0, 1, 2, 4, 0, 0, 1, 3, 0, 0, 1, 3, 0], 23.250660899887329824, 0.28389644622802734, 0]
[[2, 4, 0, 1, 2, 4, 0, 0, 1, 3, 0, 2, 3, 5, 0], 32.32522682125241668, 0.258725643157959, 0]
[[2, 4, 0, 1, 2, 4, 0, 2, 3, 5, 0, 1, 2, 4, 0], 8.185158975082104122, 0.23898863792419434, 0]
[[2, 4, 0, 1, 2, 4, 0, 2, 3, 5, 0, 0, 1, 3, 0], 11.330509298277437779, 0.2736961841583252, 0]
[[2, 4, 0, 1, 2, 4, 0, 2, 3, 5, 0, 2, 3, 5, 0], 47.253115017915887062, 0.2553579807281494, 0]
[[2, 4, 0, 0, 1, 3, 0, 1, 2, 4, 0, 1, 2, 4, 0], 13.219491995344976942, 0.25747227668762207, 0]
[[2, 4, 0, 0, 1, 3, 0, 1, 2, 4, 0, 0, 1, 3, 0], 2.877968196472743104, 0.31583476066589355, 0]
[[2, 4, 0, 0, 1, 3, 0, 1, 2, 4, 0, 2, 3, 5, 0], 9.8310720389016910585, 0.2625093460083008, 0]
[[2, 4, 0, 0, 1, 3, 0, 0, 1, 3, 0, 1, 2, 4, 0], 4.479669038795504602, 0.31539392471313477, 0]
[[2, 4, 0, 0, 1, 3, 0, 0, 1, 3, 0, 0, 1, 3, 0], 4.8568747620139250997, 0.29726624488830566, 0]
[[2, 4, 0, 0, 1, 3, 0, 0, 1, 3, 0, 2, 3, 5, 0], 7.5509217576417843984, 0.3587992191314697, 0]
[[2, 4, 0, 0, 1, 3, 0, 2, 3, 5, 0, 1, 2, 4, 0], 3.6089333909007197533, 0.2871265411376953, 0]
[[2, 4, 0, 0, 1, 3, 0, 2, 3, 5, 0, 0, 1, 3, 0], 2.2021737220958335953, 0.3235952854156494, 0]
[[2, 4, 0, 0, 1, 3, 0, 2, 3, 5, 0, 2, 3, 5, 0], 6.454016225091250884, 0.3038520812988281, 0]
[[2, 4, 0, 2, 3, 5, 0, 1, 2, 4, 0, 1, 2, 4, 0], 7.823021857462702337, 0.23627924919128418, 0]
[[2, 4, 0, 2, 3, 5, 0, 1, 2, 4, 0, 0, 1, 3, 0], 2.003005845057289268, 0.2669534683227539, 0]
[[2, 4, 0, 2, 3, 5, 0, 1, 2, 4, 0, 2, 3, 5, 0], 6.8889814637668507834, 0.2478022575378418, 0]
[[2, 4, 0, 2, 3, 5, 0, 0, 1, 3, 0, 1, 2, 4, 0], 3.4660172517642604054, 0.2717752456665039, 0]
[[2, 4, 0, 2, 3, 5, 0, 0, 1, 3, 0, 0, 1, 3, 0], 2.7172776348966744915, 0.32743167877197266, 0]
[[2, 4, 0, 2, 3, 5, 0, 0, 1, 3, 0, 2, 3, 5, 0], 4.2391743725310162307, 0.26493287086486816, 0]
[[2, 4, 0, 2, 3, 5, 0, 2, 3, 5, 0, 1, 2, 4, 0], 3.4581054322938259834, 0.2486426830291748, 0]
[[2, 4, 0, 2, 3, 5, 0, 2, 3, 5, 0, 0, 1, 3, 0], 2.0587411607882184683, 0.29318761825561523, 0]
[[2, 4, 0, 2, 3, 5, 0, 2, 3, 5, 0, 2, 3, 5, 0], 6.3486725274136028103, 0.22119951248168945, 0]
