105 217 47
106 1051 106
106 99 266
114 890 105
114 1261 199
114 771 266
114 890 282
114 1197 357
114 1267 383
114 1289 412
12 1327 412
22 607 387
228 938 73
251 171 139
251 280 387
251 222 71
266 98 114
266 844 251
266 491 266
266 844 281
272 178 114
272 648 272
282 950 105
282 217 114
282 950 292
282 217 293
291 1124 22
291 912 296
291 1248 323
291 725 396
292 217 293
292 217 387
293 498 127
293 890 292
296 228 291
299 172 387
307 632 88
349 46 114
357 2 387
357 52 73
360 52 114
360 171 266
369 306 387
383 594 114
387 845 357
387 979 360
387 172 387
387 953 396
387 845 73
387 675 90
387 1280 96
396 317 344
396 565 73
40 458 114
412 616 114
73 194 291
73 699 349
78 120 291
88 1305 251
90 194 73
