[[0, 0, 1, 1, 0, 0, 1, 1, 0, 0, 1, 1, 0], 8.095990563843728, 0.008623838424682617, 0]
[[0, 0, 1, 1, 0, 0, 1, 1, 0, 2, 2, 3, 0], 111.26983744332351, 0.03404688835144043, 0]
[[0, 0, 1, 1, 0, 0, 1, 1, 0, 4, 3, 5, 0], 14.503448112903262, 0.014717578887939453, 0]
[[0, 0, 1, 1, 0, 0, 1, 1, 0, 6, 4, 7, 0], 42.9583321000919, 0.06878519058227539, 0]
[[0, 0, 1, 1, 0, 2, 2, 3, 0, 0, 1, 1, 0], 85.97378647758082, 0.02805638313293457, 0]
[[0, 0, 1, 1, 0, 2, 2, 3, 0, 2, 2, 3, 0], 166.26831163539848, 0.055055856704711914, 0]
[[0, 0, 1, 1, 0, 2, 2, 3, 0, 4, 3, 5, 0], 47.796045127442945, 0.01824951171875, 0]
[[0, 0, 1, 1, 0, 2, 2, 3, 0, 6, 4, 7, 0], 56.93542490099012, 0.031514644622802734, 0]
[[0, 0, 1, 1, 0, 4, 3, 5, 0, 0, 1, 1, 0], 17.689208994008865, 0.021175146102905273, 0]
[[0, 0, 1, 1, 0, 4, 3, 5, 0, 2, 2, 3, 0], 39.75653790749752, 0.0210418701171875, 0]
[[0, 0, 1, 1, 0, 4, 3, 5, 0, 4, 3, 5, 0], 11.870352399486652, 0.17147421836853027, 0]
[[0, 0, 1, 1, 0, 4, 3, 5, 0, 6, 4, 7, 0], 22.94639123040445, 0.03905487060546875, 0]
[[0, 0, 1, 1, 0, 6, 4, 7, 0, 0, 1, 1, 0], 55.34615225764513, 0.0660393238067627, 0]
[[0, 0, 1, 1, 0, 6, 4, 7, 0, 2, 2, 3, 0], 47.56018204157265, 0.07497072219848633, 0]
[[0, 0, 1, 1, 0, 6, 4, 7, 0, 4, 3, 5, 0], 28.992524217502293, 0.045049428939819336, 0]
[[0, 0, 1, 1, 0, 6, 4, 7, 0, 6, 4, 7, 0], 22.084677752350217, 0.063018798828125, 0]
[[0, 2, 2, 3, 0, 0, 1, 1, 0, 0, 1, 1, 0], 129.61018196915197, 0.03724527359008789, 0]
[[0, 2, 2, 3, 0, 0, 1, 1, 0, 2, 2, 3, 0], 223.70855335382865, 0.04603385925292969, 0]
[[0, 2, 2, 3, 0, 0, 1, 1, 0, 4, 3, 5, 0], 59.74537387392995, 0.023757219314575195, 0]
[[0, 2, 2, 3, 0, 0, 1, 1, 0, 6, 4, 7, 0], 109.84727328836749, 0.12906265258789062, 0]
[[0, 2, 2, 3, 0, 2, 2, 3, 0, 0, 1, 1, 0], 191.7249495280509, 0.06200408935546875, 0]
[[0, 2, 2, 3, 0, 2, 2, 3, 0, 2, 2, 3, 0], 3.949642320676987, 0.05802440643310547, 0]
[[0, 2, 2, 3, 0, 2, 2, 3, 0, 4, 3, 5, 0], 31.93474562096653, 0.02372288703918457, 0]
[[0, 2, 2, 3, 0, 2, 2, 3, 0, 6, 4, 7, 0], 163.05277354358645, 0.01997089385986328, 0]
[[0, 2, 2, 3, 0, 4, 3, 5, 0, 0, 1, 1, 0], 57.74281098461414, 0.01591634750366211, 0]
[[0, 2, 2, 3, 0, 4, 3, 5, 0, 2, 2, 3, 0], 111.43459662112487, 0.04902791976928711, 0]
[[0, 2, 2, 3, 0, 4, 3, 5, 0, 4, 3, 5, 0], 20.146910219014114, 0.03114461898803711, 0]
[[0, 2, 2, 3, 0, 4, 3, 5, 0, 6, 4, 7, 0], 48.41006714994489, 0.024040937423706055, 0]
[[0, 2, 2, 3, 0, 6, 4, 7, 0, 0, 1, 1, 0], 117.35967998123911, 0.017715930938720703, 0]
[[0, 2, 2, 3, 0, 6, 4, 7, 0, 2, 2, 3, 0], 213.80652574914285, 0.018018245697021484, 0]
[[0, 2, 2, 3, 0, 6, 4, 7, 0, 4, 3, 5, 0], 41.71706915151964, 0.0419924259185791, 0]
[[0, 2, 2, 3, 0, 6, 4, 7, 0, 6, 4, 7, 0], 86.58335062698629, 0.03708648681640625, 0]
[[0, 4, 3, 5, 0, 0, 1, 1, 0, 0, 1, 1, 0], 28.113816293264556, 0.019276142120361328, 0]
[[0, 4, 3, 5, 0, 0, 1, 1, 0, 2, 2, 3, 0], 94.28331982344777, 0.02175736427307129, 0]
[[0, 4, 3, 5, 0, 0, 1, 1, 0, 4, 3, 5, 0], 11.181562930865857, 0.1202242374420166, 0]
[[0, 4, 3, 5, 0, 0, 1, 1, 0, 6, 4, 7, 0], 39.98634753260863, 0.06707239151000977, 0]
[[0, 4, 3, 5, 0, 2, 2, 3, 0, 0, 1, 1, 0], 65.98323790333792, 0.042054176330566406, 0]
[[0, 4, 3, 5, 0, 2, 2, 3, 0, 2, 2, 3, 0], 34.671176046297965, 0.14107131958007812, 0]
[[0, 4, 3, 5, 0, 2, 2, 3, 0, 4, 3, 5, 0], 15.216642126560174, 0.036623477935791016, 0]
[[0, 4, 3, 5, 0, 2, 2, 3, 0, 6, 4, 7, 0], 24.94854612130284, 0.03237295150756836, 0]
[[0, 4, 3, 5, 0, 4, 3, 5, 0, 0, 1, 1, 0], 14.195479455992142, 0.038022518157958984, 0]
[[0, 4, 3, 5, 0, 4, 3, 5, 0, 2, 2, 3, 0], 41.89859210088253, 0.045046329498291016, 0]
[[0, 4, 3, 5, 0, 4, 3, 5, 0, 4, 3, 5, 0], 8.206164314132021, 0.04503989219665527, 0]
[[0, 4, 3, 5, 0, 4, 3, 5, 0, 6, 4, 7, 0], 5.020188762433763, 0.10102033615112305, 0]
[[0, 4, 3, 5, 0, 6, 4, 7, 0, 0, 1, 1, 0], 26.614480114857443, 0.051025390625, 0]
[[0, 4, 3, 5, 0, 6, 4, 7, 0, 2, 2, 3, 0], 53.17877255603213, 0.03505444526672363, 0]
[[0, 4, 3, 5, 0, 6, 4, 7, 0, 4, 3, 5, 0], 13.756949653424462, 0.06507563591003418, 0]
[[0, 4, 3, 5, 0, 6, 4, 7, 0, 6, 4, 7, 0], 37.28671089368369, 0.02734994888305664, 0]
[[0, 6, 4, 7, 0, 0, 1, 1, 0, 2, 2, 3, 0], 106.43446271813339, 0.0166165828704834, 0]
[[0, 6, 4, 7, 0, 0, 1, 1, 0, 4, 3, 5, 0], 18.988184276032026, 0.09908843040466309, 0]
[[0, 6, 4, 7, 0, 0, 1, 1, 0, 6, 4, 7, 0], 46.02304482561537, 0.058083534240722656, 0]
[[0, 6, 4, 7, 0, 2, 2, 3, 0, 0, 1, 1, 0], 99.98344247193614, 0.04298663139343262, 0]
[[0, 6, 4, 7, 0, 2, 2, 3, 0, 2, 2, 3, 0], 148.3498685375843, 0.017370223999023438, 0]
[[0, 6, 4, 7, 0, 2, 2, 3, 0, 4, 3, 5, 0], 49.46018303454722, 0.027224302291870117, 0]
[[0, 6, 4, 7, 0, 2, 2, 3, 0, 6, 4, 7, 0], 103.87466361651346, 0.019678831100463867, 0]
[[0, 6, 4, 7, 0, 4, 3, 5, 0, 0, 1, 1, 0], 19.800883818605733, 0.04159998893737793, 0]
[[0, 6, 4, 7, 0, 4, 3, 5, 0, 2, 2, 3, 0], 42.366110486852925, 0.05605721473693848, 0]
[[0, 6, 4, 7, 0, 4, 3, 5, 0, 4, 3, 5, 0], 12.47378360123825, 0.024874210357666016, 0]
[[0, 6, 4, 7, 0, 4, 3, 5, 0, 6, 4, 7, 0], 26.34505035101963, 0.02559185028076172, 0]
[[0, 6, 4, 7, 0, 6, 4, 7, 0, 0, 1, 1, 0], 60.01237629634367, 0.030039548873901367, 0]
[[0, 6, 4, 7, 0, 6, 4, 7, 0, 2, 2, 3, 0], 91.62955523759567, 0.03197598457336426, 0]
[[0, 6, 4, 7, 0, 6, 4, 7, 0, 4, 3, 5, 0], 16.5267405702906, 0.13432717323303223, 0]
[[0, 6, 4, 7, 0, 6, 4, 7, 0, 6, 4, 7, 0], 44.72396586862236, 0.10103440284729004, 0]
[[1, 1, 0, 0, 1, 1, 0, 0, 1, 1, 0, 0, 1], 13676.399056121325, 0.07804131507873535, 0]
[[1, 1, 0, 0, 1, 1, 0, 0, 1, 1, 0, 2, 2], 118.05711882863126, 0.051027774810791016, 0]
[[1, 1, 0, 0, 1, 1, 0, 0, 1, 1, 0, 4, 3], 68.48745902489947, 0.00893259048461914, 0]
[[1, 1, 0, 0, 1, 1, 0, 0, 1, 1, 0, 6, 4], 210.9130859954791, 0.008941888809204102, 0]
[[1, 1, 0, 0, 1, 1, 0, 2, 2, 3, 0, 0, 1], 764.0528488015326, 0.03303337097167969, 0]
[[1, 1, 0, 0, 1, 1, 0, 2, 2, 3, 0, 2, 2], 43.424715837334496, 0.007760047912597656, 0]
[[1, 1, 0, 0, 1, 1, 0, 2, 2, 3, 0, 4, 3], 8.100407415457344, 0.008713006973266602, 0]
[[1, 1, 0, 0, 1, 1, 0, 2, 2, 3, 0, 6, 4], 199.32437128078922, 0.012497186660766602, 0]
[[1, 1, 0, 0, 1, 1, 0, 4, 3, 5, 0, 0, 1], 2501.863321012859, 0.012670040130615234, 0]
[[1, 1, 0, 0, 1, 1, 0, 4, 3, 5, 0, 2, 2], 90.49407707337838, 0.01272892951965332, 0]
[[1, 1, 0, 0, 1, 1, 0, 4, 3, 5, 0, 4, 3], 23.212231983592257, 0.0850534439086914, 0]
[[1, 1, 0, 0, 1, 1, 0, 4, 3, 5, 0, 6, 4], 497.6520127551494, 0.039031028747558594, 0]
[[1, 1, 0, 0, 1, 1, 0, 6, 4, 7, 0, 0, 1], 2094.191713235128, 0.009130716323852539, 0]
[[1, 1, 0, 0, 1, 1, 0, 6, 4, 7, 0, 2, 2], 65.605933766925, 0.009226799011230469, 0]
[[1, 1, 0, 0, 1, 1, 0, 6, 4, 7, 0, 4, 3], 12.675375360128621, 0.009773492813110352, 0]
[[1, 1, 0, 0, 1, 1, 0, 6, 4, 7, 0, 6, 4], 178.58014978790254, 0.023173093795776367, 0]
[[1, 1, 0, 2, 2, 3, 0, 0, 1, 1, 0, 0, 1], 1414.0551470664734, 0.009221315383911133, 0]
[[1, 1, 0, 2, 2, 3, 0, 0, 1, 1, 0, 2, 2], 37.79449007028883, 0.00872945785522461, 0]
[[1, 1, 0, 2, 2, 3, 0, 0, 1, 1, 0, 4, 3], 6.899827343296654, 0.03304028511047363, 0]
[[1, 1, 0, 2, 2, 3, 0, 0, 1, 1, 0, 6, 4], 132.33051952204517, 0.009354352951049805, 0]
[[1, 1, 0, 2, 2, 3, 0, 2, 2, 3, 0, 0, 1], 845.7832159416212, 0.008981466293334961, 0]
[[1, 1, 0, 2, 2, 3, 0, 2, 2, 3, 0, 2, 2], 24.224500420427308, 0.039394378662109375, 0]
[[1, 1, 0, 2, 2, 3, 0, 2, 2, 3, 0, 4, 3], 10.247815947946142, 0.012322187423706055, 0]
[[1, 1, 0, 2, 2, 3, 0, 2, 2, 3, 0, 6, 4], 84.47019330432691, 0.00916290283203125, 0]
[[1, 1, 0, 2, 2, 3, 0, 4, 3, 5, 0, 0, 1], 1643.9107614365778, 0.04202985763549805, 0]
[[1, 1, 0, 2, 2, 3, 0, 4, 3, 5, 0, 2, 2], 101.52345960742511, 0.012781620025634766, 0]
[[1, 1, 0, 2, 2, 3, 0, 4, 3, 5, 0, 4, 3], 11.21885400930361, 0.012873172760009766, 0]
[[1, 1, 0, 2, 2, 3, 0, 4, 3, 5, 0, 6, 4], 246.0047122631625, 0.03302001953125, 0]
[[1, 1, 0, 2, 2, 3, 0, 6, 4, 7, 0, 0, 1], 1317.1063691008878, 0.01027989387512207, 0]
[[1, 1, 0, 2, 2, 3, 0, 6, 4, 7, 0, 2, 2], 32.16010181053287, 0.009957313537597656, 0]
[[1, 1, 0, 2, 2, 3, 0, 6, 4, 7, 0, 4, 3], 8.233200971130366, 0.010246038436889648, 0]
[[1, 1, 0, 2, 2, 3, 0, 6, 4, 7, 0, 6, 4], 115.5716007645742, 0.04204297065734863, 0]
[[1, 1, 0, 4, 3, 5, 0, 0, 1, 1, 0, 0, 1], 2365.4891136604087, 0.043036460876464844, 0]
[[1, 1, 0, 4, 3, 5, 0, 0, 1, 1, 0, 2, 2], 104.6365380672056, 0.010438680648803711, 0]
[[1, 1, 0, 4, 3, 5, 0, 0, 1, 1, 0, 4, 3], 15.07023980623231, 0.019898653030395508, 0]
[[1, 1, 0, 4, 3, 5, 0, 0, 1, 1, 0, 6, 4], 899.4212852717735, 0.07814264297485352, 0]
[[1, 1, 0, 4, 3, 5, 0, 2, 2, 3, 0, 0, 1], 3871.0801988508924, 0.01386880874633789, 0]
[[1, 1, 0, 4, 3, 5, 0, 2, 2, 3, 0, 2, 2], 112.19679714678364, 0.09002470970153809, 0]
[[1, 1, 0, 4, 3, 5, 0, 2, 2, 3, 0, 4, 3], 11.697294791041276, 0.018742084503173828, 0]
[[1, 1, 0, 4, 3, 5, 0, 2, 2, 3, 0, 6, 4], 224.00334979924284, 0.039060115814208984, 0]
[[1, 1, 0, 4, 3, 5, 0, 4, 3, 5, 0, 0, 1], 4498.653269159173, 0.011863470077514648, 0]
[[1, 1, 0, 4, 3, 5, 0, 4, 3, 5, 0, 2, 2], 156.9613583207626, 0.011723041534423828, 0]
[[1, 1, 0, 4, 3, 5, 0, 4, 3, 5, 0, 4, 3], 31.4608689319501, 0.012788772583007812, 0]
[[1, 1, 0, 4, 3, 5, 0, 4, 3, 5, 0, 6, 4], 646.2046930328345, 0.051038265228271484, 0]
[[1, 1, 0, 4, 3, 5, 0, 6, 4, 7, 0, 0, 1], 3470.8052034653074, 0.024106264114379883, 0]
[[1, 1, 0, 4, 3, 5, 0, 6, 4, 7, 0, 2, 2], 109.84931513740779, 0.013099908828735352, 0]
[[1, 1, 0, 4, 3, 5, 0, 6, 4, 7, 0, 4, 3], 32.74091890406394, 0.03894448280334473, 0]
[[1, 1, 0, 4, 3, 5, 0, 6, 4, 7, 0, 6, 4], 628.4205253595854, 0.016525745391845703, 0]
[[1, 1, 0, 6, 4, 7, 0, 0, 1, 1, 0, 0, 1], 3521.85671064598, 0.015599250793457031, 0]
[[1, 1, 0, 6, 4, 7, 0, 0, 1, 1, 0, 2, 2], 68.16631130984233, 0.010229110717773438, 0]
[[1, 1, 0, 6, 4, 7, 0, 0, 1, 1, 0, 4, 3], 16.427830186230327, 0.01031041145324707, 0]
[[1, 1, 0, 6, 4, 7, 0, 0, 1, 1, 0, 6, 4], 297.3763906234022, 0.009897947311401367, 0]
[[1, 1, 0, 6, 4, 7, 0, 2, 2, 3, 0, 0, 1], 973.8384475044263, 0.009347677230834961, 0]
[[1, 1, 0, 6, 4, 7, 0, 2, 2, 3, 0, 2, 2], 34.348990200151626, 0.014908075332641602, 0]
[[1, 1, 0, 6, 4, 7, 0, 2, 2, 3, 0, 4, 3], 4.761236509956241, 0.015237569808959961, 0]
[[1, 1, 0, 6, 4, 7, 0, 2, 2, 3, 0, 6, 4], 110.32578772180815, 0.03603363037109375, 0]
[[1, 1, 0, 6, 4, 7, 0, 4, 3, 5, 0, 0, 1], 2971.209273779289, 0.024245738983154297, 0]
[[1, 1, 0, 6, 4, 7, 0, 4, 3, 5, 0, 2, 2], 101.32578070862026, 0.012359619140625, 0]
[[1, 1, 0, 6, 4, 7, 0, 4, 3, 5, 0, 4, 3], 18.176984696145304, 0.03299427032470703, 0]
[[1, 1, 0, 6, 4, 7, 0, 4, 3, 5, 0, 6, 4], 738.9256670923518, 0.056990861892700195, 0]
[[1, 1, 0, 6, 4, 7, 0, 6, 4, 7, 0, 0, 1], 1865.151243629224, 0.03303670883178711, 0]
[[1, 1, 0, 6, 4, 7, 0, 6, 4, 7, 0, 2, 2], 80.4576186507234, 0.03903937339782715, 0]
[[1, 1, 0, 6, 4, 7, 0, 6, 4, 7, 0, 4, 3], 12.797002384172902, 0.011891841888427734, 0]
[[1, 1, 0, 6, 4, 7, 0, 6, 4, 7, 0, 6, 4], 307.51973086271187, 0.025266647338867188, 0]
[[2, 3, 0, 0, 1, 1, 0, 0, 1, 1, 0, 0, 1], 47.3238793484023, 0.03903794288635254, 0]
[[2, 3, 0, 0, 1, 1, 0, 0, 1, 1, 0, 2, 2], 1.3223779845882924, 0.014005661010742188, 0]
[[2, 3, 0, 0, 1, 1, 0, 0, 1, 1, 0, 4, 3], 2.343076560474645, 0.012381315231323242, 0]
[[2, 3, 0, 0, 1, 1, 0, 0, 1, 1, 0, 6, 4], 5.80004529383098, 0.011647224426269531, 0]
[[2, 3, 0, 0, 1, 1, 0, 2, 2, 3, 0, 0, 1], 28.539580896115268, 0.03302764892578125, 0]
[[2, 3, 0, 0, 1, 1, 0, 2, 2, 3, 0, 2, 2], 1.0555748466531794, 0.03806638717651367, 0]
[[2, 3, 0, 0, 1, 1, 0, 2, 2, 3, 0, 4, 3], 5.151213927201428, 0.017422199249267578, 0]
[[2, 3, 0, 0, 1, 1, 0, 2, 2, 3, 0, 6, 4], 3.2051380329746686, 0.014318227767944336, 0]
[[2, 3, 0, 0, 1, 1, 0, 4, 3, 5, 0, 0, 1], 67.98841341372398, 0.034046173095703125, 0]
[[2, 3, 0, 0, 1, 1, 0, 4, 3, 5, 0, 2, 2], 2.7987047362237023, 0.018155574798583984, 0]
[[2, 3, 0, 0, 1, 1, 0, 4, 3, 5, 0, 4, 3], 1.4025240029487445, 0.06010556221008301, 0]
[[2, 3, 0, 0, 1, 1, 0, 4, 3, 5, 0, 6, 4], 25.18271268762859, 0.03415060043334961, 0]
[[2, 3, 0, 0, 1, 1, 0, 6, 4, 7, 0, 0, 1], 85.9640178480084, 0.043935298919677734, 0]
[[2, 3, 0, 0, 1, 1, 0, 6, 4, 7, 0, 2, 2], 1.5425447733176847, 0.03410220146179199, 0]
[[2, 3, 0, 0, 1, 1, 0, 6, 4, 7, 0, 4, 3], 2.363268226095945, 0.015624523162841797, 0]
[[2, 3, 0, 0, 1, 1, 0, 6, 4, 7, 0, 6, 4], 5.4948375864224035, 0.017726898193359375, 0]
[[2, 3, 0, 2, 2, 3, 0, 0, 1, 1, 0, 0, 1], 27.705770908537545, 0.02241826057434082, 0]
[[2, 3, 0, 2, 2, 3, 0, 0, 1, 1, 0, 2, 2], 1.0864253778049302, 0.014389991760253906, 0]
[[2, 3, 0, 2, 2, 3, 0, 0, 1, 1, 0, 4, 3], 5.2880992867180945, 0.03688645362854004, 0]
[[2, 3, 0, 2, 2, 3, 0, 0, 1, 1, 0, 6, 4], 4.613574879699354, 0.08606529235839844, 0]
[[2, 3, 0, 2, 2, 3, 0, 2, 2, 3, 0, 0, 1], 33.65745816226275, 0.07948970794677734, 0]
[[2, 3, 0, 2, 2, 3, 0, 2, 2, 3, 0, 2, 2], 165.97432344033678, 0.02300572395324707, 0]
[[2, 3, 0, 2, 2, 3, 0, 2, 2, 3, 0, 4, 3], 4.62381532652909, 0.013638019561767578, 0]
[[2, 3, 0, 2, 2, 3, 0, 2, 2, 3, 0, 6, 4], 5.974576753538272, 0.017757654190063477, 0]
[[2, 3, 0, 2, 2, 3, 0, 4, 3, 5, 0, 0, 1], 43.51221443090153, 0.013030529022216797, 0]
[[2, 3, 0, 2, 2, 3, 0, 4, 3, 5, 0, 2, 2], 2.050693857640017, 0.014765739440917969, 0]
[[2, 3, 0, 2, 2, 3, 0, 4, 3, 5, 0, 4, 3], 2.0022171590907876, 0.03722500801086426, 0]
[[2, 3, 0, 2, 2, 3, 0, 4, 3, 5, 0, 6, 4], 5.9036912616112005, 0.10304808616638184, 0]
[[2, 3, 0, 2, 2, 3, 0, 6, 4, 7, 0, 0, 1], 23.3839240839372, 0.02779531478881836, 0]
[[2, 3, 0, 2, 2, 3, 0, 6, 4, 7, 0, 2, 2], 1.1226615848305408, 0.027125120162963867, 0]
[[2, 3, 0, 2, 2, 3, 0, 6, 4, 7, 0, 4, 3], 4.658172646200316, 0.016476154327392578, 0]
[[2, 3, 0, 2, 2, 3, 0, 6, 4, 7, 0, 6, 4], 3.327088001126036, 0.0457310676574707, 0]
[[2, 3, 0, 4, 3, 5, 0, 0, 1, 1, 0, 0, 1], 116.59668809515794, 0.013808250427246094, 0]
[[2, 3, 0, 4, 3, 5, 0, 0, 1, 1, 0, 2, 2], 3.915041192304182, 0.015832185745239258, 0]
[[2, 3, 0, 4, 3, 5, 0, 0, 1, 1, 0, 4, 3], 1.358738537385704, 0.08408474922180176, 0]
[[2, 3, 0, 4, 3, 5, 0, 0, 1, 1, 0, 6, 4], 9.928698877070353, 0.022949695587158203, 0]
[[2, 3, 0, 4, 3, 5, 0, 2, 2, 3, 0, 0, 1], 56.86641704602063, 0.0340421199798584, 0]
[[2, 3, 0, 4, 3, 5, 0, 2, 2, 3, 0, 2, 2], 2.090195772475898, 0.01593160629272461, 0]
[[2, 3, 0, 4, 3, 5, 0, 2, 2, 3, 0, 4, 3], 1.0540809585475237, 0.04843497276306152, 0]
[[2, 3, 0, 4, 3, 5, 0, 2, 2, 3, 0, 6, 4], 7.166570264866469, 0.07502341270446777, 0]
[[2, 3, 0, 4, 3, 5, 0, 4, 3, 5, 0, 0, 1], 145.44045227756703, 0.017680883407592773, 0]
[[2, 3, 0, 4, 3, 5, 0, 4, 3, 5, 0, 2, 2], 5.134521688673467, 0.04300546646118164, 0]
[[2, 3, 0, 4, 3, 5, 0, 4, 3, 5, 0, 4, 3], 1.2167392802114878, 0.019051790237426758, 0]
[[2, 3, 0, 4, 3, 5, 0, 4, 3, 5, 0, 6, 4], 21.76692234148726, 0.054245710372924805, 0]
[[2, 3, 0, 4, 3, 5, 0, 6, 4, 7, 0, 0, 1], 102.03260145342375, 0.01890730857849121, 0]
[[2, 3, 0, 4, 3, 5, 0, 6, 4, 7, 0, 2, 2], 3.5633678675799474, 0.019975662231445312, 0]
[[2, 3, 0, 4, 3, 5, 0, 6, 4, 7, 0, 4, 3], 1.5300991849008896, 0.020859479904174805, 0]
[[2, 3, 0, 4, 3, 5, 0, 6, 4, 7, 0, 6, 4], 13.218487438338263, 0.04309368133544922, 0]
[[2, 3, 0, 6, 4, 7, 0, 0, 1, 1, 0, 0, 1], 46.114407056630974, 0.023648738861083984, 0]
[[2, 3, 0, 6, 4, 7, 0, 0, 1, 1, 0, 2, 2], 1.5114170702554073, 0.026406526565551758, 0]
[[2, 3, 0, 6, 4, 7, 0, 0, 1, 1, 0, 4, 3], 3.4432506988375704, 0.013414859771728516, 0]
[[2, 3, 0, 6, 4, 7, 0, 0, 1, 1, 0, 6, 4], 5.497181837971646, 0.02545166015625, 0]
[[2, 3, 0, 6, 4, 7, 0, 2, 2, 3, 0, 0, 1], 23.564375135756254, 0.021548748016357422, 0]
[[2, 3, 0, 6, 4, 7, 0, 2, 2, 3, 0, 2, 2], 1.2019139793114504, 0.014940261840820312, 0]
[[2, 3, 0, 6, 4, 7, 0, 2, 2, 3, 0, 4, 3], 6.111018089709741, 0.015175819396972656, 0]
[[2, 3, 0, 6, 4, 7, 0, 2, 2, 3, 0, 6, 4], 3.8076956058647005, 0.051964521408081055, 0]
[[2, 3, 0, 6, 4, 7, 0, 4, 3, 5, 0, 0, 1], 95.8897962111381, 0.03406167030334473, 0]
[[2, 3, 0, 6, 4, 7, 0, 4, 3, 5, 0, 2, 2], 7.546262215239355, 0.13402581214904785, 0]
[[2, 3, 0, 6, 4, 7, 0, 4, 3, 5, 0, 4, 3], 1.4673358556563965, 0.020884037017822266, 0]
[[2, 3, 0, 6, 4, 7, 0, 4, 3, 5, 0, 6, 4], 11.939533413565133, 0.020693302154541016, 0]
[[2, 3, 0, 6, 4, 7, 0, 6, 4, 7, 0, 0, 1], 78.52819633077115, 0.12604761123657227, 0]
[[2, 3, 0, 6, 4, 7, 0, 6, 4, 7, 0, 2, 2], 1.6239811330431304, 0.018404483795166016, 0]
[[2, 3, 0, 6, 4, 7, 0, 6, 4, 7, 0, 4, 3], 2.5751656892184713, 0.029693126678466797, 0]
[[2, 3, 0, 6, 4, 7, 0, 6, 4, 7, 0, 6, 4], 5.706190632007033, 0.022497892379760742, 0]
[[3, 5, 0, 0, 1, 1, 0, 0, 1, 1, 0, 0, 1], 35.8585608396001, 0.01318359375, 0]
[[3, 5, 0, 0, 1, 1, 0, 0, 1, 1, 0, 2, 2], 3.83993344779467, 0.014930248260498047, 0]
[[3, 5, 0, 0, 1, 1, 0, 0, 1, 1, 0, 4, 3], 8.769495915489252, 0.01037454605102539, 0]
[[3, 5, 0, 0, 1, 1, 0, 0, 1, 1, 0, 6, 4], 1.2673456341163725, 0.010558843612670898, 0]
[[3, 5, 0, 0, 1, 1, 0, 2, 2, 3, 0, 0, 1], 2.975902026726688, 0.0450291633605957, 0]
[[3, 5, 0, 0, 1, 1, 0, 2, 2, 3, 0, 2, 2], 7.35076814935915, 0.061019182205200195, 0]
[[3, 5, 0, 0, 1, 1, 0, 2, 2, 3, 0, 4, 3], 40.10041998393536, 0.016989469528198242, 0]
[[3, 5, 0, 0, 1, 1, 0, 2, 2, 3, 0, 6, 4], 1.760525191738358, 0.011716365814208984, 0]
[[3, 5, 0, 0, 1, 1, 0, 4, 3, 5, 0, 0, 1], 12.528354494494364, 0.012330055236816406, 0]
[[3, 5, 0, 0, 1, 1, 0, 4, 3, 5, 0, 2, 2], 2.088192431141191, 0.022687196731567383, 0]
[[3, 5, 0, 0, 1, 1, 0, 4, 3, 5, 0, 4, 3], 12.704914836628967, 0.01693582534790039, 0]
[[3, 5, 0, 0, 1, 1, 0, 4, 3, 5, 0, 6, 4], 1.5803848473329354, 0.014597892761230469, 0]
[[3, 5, 0, 0, 1, 1, 0, 6, 4, 7, 0, 0, 1], 6.186432363956579, 0.08089470863342285, 0]
[[3, 5, 0, 0, 1, 1, 0, 6, 4, 7, 0, 2, 2], 4.603214131427855, 0.024363040924072266, 0]
[[3, 5, 0, 0, 1, 1, 0, 6, 4, 7, 0, 4, 3], 23.51973304209439, 0.01611924171447754, 0]
[[3, 5, 0, 0, 1, 1, 0, 6, 4, 7, 0, 6, 4], 1.166831516712189, 0.014748811721801758, 0]
[[3, 5, 0, 2, 2, 3, 0, 0, 1, 1, 0, 0, 1], 3.586608918040832, 0.010159492492675781, 0]
[[3, 5, 0, 2, 2, 3, 0, 0, 1, 1, 0, 2, 2], 8.592874978366867, 0.02700662612915039, 0]
[[3, 5, 0, 2, 2, 3, 0, 0, 1, 1, 0, 4, 3], 30.659946905637888, 0.016622304916381836, 0]
[[3, 5, 0, 2, 2, 3, 0, 0, 1, 1, 0, 6, 4], 1.5913738961024146, 0.016736745834350586, 0]
[[3, 5, 0, 2, 2, 3, 0, 2, 2, 3, 0, 0, 1], 2.3162045003818137, 0.01579141616821289, 0]
[[3, 5, 0, 2, 2, 3, 0, 2, 2, 3, 0, 2, 2], 5.6711572814794176, 0.017206907272338867, 0]
[[3, 5, 0, 2, 2, 3, 0, 2, 2, 3, 0, 4, 3], 13.594924106973352, 0.025615930557250977, 0]
[[3, 5, 0, 2, 2, 3, 0, 2, 2, 3, 0, 6, 4], 1.1325870971146883, 0.04874587059020996, 0]
[[3, 5, 0, 2, 2, 3, 0, 4, 3, 5, 0, 0, 1], 7.436696254669494, 0.022832632064819336, 0]
[[3, 5, 0, 2, 2, 3, 0, 4, 3, 5, 0, 2, 2], 4.447865983557474, 0.02288079261779785, 0]
[[3, 5, 0, 2, 2, 3, 0, 4, 3, 5, 0, 4, 3], 18.230607154113493, 0.01503610610961914, 0]
[[3, 5, 0, 2, 2, 3, 0, 4, 3, 5, 0, 6, 4], 1.0313013354745375, 0.01619100570678711, 0]
[[3, 5, 0, 2, 2, 3, 0, 6, 4, 7, 0, 0, 1], 2.900799276891234, 0.012742757797241211, 0]
[[3, 5, 0, 2, 2, 3, 0, 6, 4, 7, 0, 2, 2], 9.402745127679124, 0.0132598876953125, 0]
[[3, 5, 0, 2, 2, 3, 0, 6, 4, 7, 0, 4, 3], 36.10545703107276, 0.025944232940673828, 0]
[[3, 5, 0, 2, 2, 3, 0, 6, 4, 7, 0, 6, 4], 1.871329501373216, 0.029596805572509766, 0]
[[3, 5, 0, 4, 3, 5, 0, 0, 1, 1, 0, 0, 1], 10.696159256585032, 0.011991500854492188, 0]
[[3, 5, 0, 4, 3, 5, 0, 0, 1, 1, 0, 2, 2], 2.7434432521498318, 0.013881683349609375, 0]
[[3, 5, 0, 4, 3, 5, 0, 0, 1, 1, 0, 4, 3], 10.946563441019832, 0.014038801193237305, 0]
[[3, 5, 0, 4, 3, 5, 0, 0, 1, 1, 0, 6, 4], 1.6409270887854812, 0.041405677795410156, 0]
[[3, 5, 0, 4, 3, 5, 0, 2, 2, 3, 0, 0, 1], 5.044224916466325, 0.012996673583984375, 0]
[[3, 5, 0, 4, 3, 5, 0, 2, 2, 3, 0, 2, 2], 3.039992443575007, 0.015756845474243164, 0]
[[3, 5, 0, 4, 3, 5, 0, 2, 2, 3, 0, 4, 3], 18.12817675536279, 0.02997279167175293, 0]
[[3, 5, 0, 4, 3, 5, 0, 2, 2, 3, 0, 6, 4], 1.1981593130646409, 0.01579427719116211, 0]
[[3, 5, 0, 4, 3, 5, 0, 4, 3, 5, 0, 0, 1], 23.494873123672736, 0.07259774208068848, 0]
[[3, 5, 0, 4, 3, 5, 0, 4, 3, 5, 0, 2, 2], 1.211528903105306, 0.016539573669433594, 0]
[[3, 5, 0, 4, 3, 5, 0, 4, 3, 5, 0, 4, 3], 4.688868023229124, 0.3160073757171631, 0]
[[3, 5, 0, 4, 3, 5, 0, 4, 3, 5, 0, 6, 4], 3.082608062590915, 0.030178546905517578, 0]
[[3, 5, 0, 4, 3, 5, 0, 6, 4, 7, 0, 0, 1], 10.031657376285162, 0.015097379684448242, 0]
[[3, 5, 0, 4, 3, 5, 0, 6, 4, 7, 0, 2, 2], 2.0274732561095825, 0.037395477294921875, 0]
[[3, 5, 0, 4, 3, 5, 0, 6, 4, 7, 0, 4, 3], 9.407169765751942, 0.018245935440063477, 0]
[[3, 5, 0, 4, 3, 5, 0, 6, 4, 7, 0, 6, 4], 1.917608179377307, 0.01824164390563965, 0]
[[3, 5, 0, 6, 4, 7, 0, 0, 1, 1, 0, 0, 1], 9.363343240559283, 0.024829387664794922, 0]
[[3, 5, 0, 6, 4, 7, 0, 0, 1, 1, 0, 2, 2], 3.444393770941683, 0.01332545280456543, 0]
[[3, 5, 0, 6, 4, 7, 0, 0, 1, 1, 0, 4, 3], 22.99445750360285, 0.03902268409729004, 0]
[[3, 5, 0, 6, 4, 7, 0, 0, 1, 1, 0, 6, 4], 1.0245887727019394, 0.01408076286315918, 0]
[[3, 5, 0, 6, 4, 7, 0, 2, 2, 3, 0, 0, 1], 3.5990940676973056, 0.014723777770996094, 0]
[[3, 5, 0, 6, 4, 7, 0, 2, 2, 3, 0, 2, 2], 6.208750254650661, 0.025452852249145508, 0]
[[3, 5, 0, 6, 4, 7, 0, 2, 2, 3, 0, 4, 3], 32.034513689636654, 0.015996217727661133, 0]
[[3, 5, 0, 6, 4, 7, 0, 2, 2, 3, 0, 6, 4], 1.4163774631090384, 0.04292583465576172, 0]
[[3, 5, 0, 6, 4, 7, 0, 4, 3, 5, 0, 0, 1], 14.183779208208433, 0.01773381233215332, 0]
[[3, 5, 0, 6, 4, 7, 0, 4, 3, 5, 0, 2, 2], 1.995196391774163, 0.019057512283325195, 0]
[[3, 5, 0, 6, 4, 7, 0, 4, 3, 5, 0, 4, 3], 11.108025181850131, 0.016453027725219727, 0]
[[3, 5, 0, 6, 4, 7, 0, 4, 3, 5, 0, 6, 4], 1.8331764565063517, 0.07007360458374023, 0]
[[3, 5, 0, 6, 4, 7, 0, 6, 4, 7, 0, 0, 1], 8.016078594473772, 0.01580524444580078, 0]
[[3, 5, 0, 6, 4, 7, 0, 6, 4, 7, 0, 2, 2], 3.6237377190501605, 0.03603386878967285, 0]
[[3, 5, 0, 6, 4, 7, 0, 6, 4, 7, 0, 4, 3], 16.326401284783365, 0.016689062118530273, 0]
[[3, 5, 0, 6, 4, 7, 0, 6, 4, 7, 0, 6, 4], 1.8128632613673514, 0.0225985050201416, 0]
[[4, 7, 0, 0, 1, 1, 0, 0, 1, 1, 0, 0, 1], 150.0542496266522, 0.08105802536010742, 0]
[[4, 7, 0, 0, 1, 1, 0, 0, 1, 1, 0, 2, 2], 5.7124198198514025, 0.05407571792602539, 0]
[[4, 7, 0, 0, 1, 1, 0, 0, 1, 1, 0, 4, 3], 1.1122236125100378, 0.012697219848632812, 0]
[[4, 7, 0, 0, 1, 1, 0, 0, 1, 1, 0, 6, 4], 21.693096806873346, 0.014739990234375, 0]
[[4, 7, 0, 0, 1, 1, 0, 2, 2, 3, 0, 0, 1], 110.61605362374736, 0.012816667556762695, 0]
[[4, 7, 0, 0, 1, 1, 0, 2, 2, 3, 0, 2, 2], 2.2151022706975665, 0.01233220100402832, 0]
[[4, 7, 0, 0, 1, 1, 0, 2, 2, 3, 0, 4, 3], 2.1658007463508935, 0.011417388916015625, 0]
[[4, 7, 0, 0, 1, 1, 0, 2, 2, 3, 0, 6, 4], 7.970468789420591, 0.012328386306762695, 0]
[[4, 7, 0, 0, 1, 1, 0, 4, 3, 5, 0, 0, 1], 205.0140389381116, 0.03903055191040039, 0]
[[4, 7, 0, 0, 1, 1, 0, 4, 3, 5, 0, 2, 2], 8.143291148253857, 0.012088537216186523, 0]
[[4, 7, 0, 0, 1, 1, 0, 4, 3, 5, 0, 4, 3], 1.7349173961525766, 0.015115022659301758, 0]
[[4, 7, 0, 0, 1, 1, 0, 4, 3, 5, 0, 6, 4], 26.341285359884438, 0.01532125473022461, 0]
[[4, 7, 0, 0, 1, 1, 0, 6, 4, 7, 0, 0, 1], 115.95113829236769, 0.08104610443115234, 0]
[[4, 7, 0, 0, 1, 1, 0, 6, 4, 7, 0, 2, 2], 3.8384949919465092, 0.013661384582519531, 0]
[[4, 7, 0, 0, 1, 1, 0, 6, 4, 7, 0, 4, 3], 1.1685926098382589, 0.023646116256713867, 0]
[[4, 7, 0, 0, 1, 1, 0, 6, 4, 7, 0, 6, 4], 17.1649295172713, 0.016193151473999023, 0]
[[4, 7, 0, 2, 2, 3, 0, 0, 1, 1, 0, 0, 1], 57.68810560052334, 0.015847206115722656, 0]
[[4, 7, 0, 2, 2, 3, 0, 0, 1, 1, 0, 2, 2], 2.925409356884622, 0.012743473052978516, 0]
[[4, 7, 0, 2, 2, 3, 0, 0, 1, 1, 0, 4, 3], 1.4488475643724823, 0.08108067512512207, 0]
[[4, 7, 0, 2, 2, 3, 0, 0, 1, 1, 0, 6, 4], 7.643346441653281, 0.011139869689941406, 0]
[[4, 7, 0, 2, 2, 3, 0, 2, 2, 3, 0, 0, 1], 38.38122264890096, 0.012116432189941406, 0]
[[4, 7, 0, 2, 2, 3, 0, 2, 2, 3, 0, 2, 2], 4.045837549460511, 0.011460542678833008, 0]
[[4, 7, 0, 2, 2, 3, 0, 2, 2, 3, 0, 4, 3], 4.442434022000565, 0.012569427490234375, 0]
[[4, 7, 0, 2, 2, 3, 0, 2, 2, 3, 0, 6, 4], 6.03450122048203, 0.014379024505615234, 0]
[[4, 7, 0, 2, 2, 3, 0, 4, 3, 5, 0, 0, 1], 118.75188630334394, 0.014553070068359375, 0]
[[4, 7, 0, 2, 2, 3, 0, 4, 3, 5, 0, 2, 2], 3.412215828213705, 0.01453542709350586, 0]
[[4, 7, 0, 2, 2, 3, 0, 4, 3, 5, 0, 4, 3], 1.0546270588307942, 0.015738487243652344, 0]
[[4, 7, 0, 2, 2, 3, 0, 4, 3, 5, 0, 6, 4], 18.002645012368042, 0.02018451690673828, 0]
[[4, 7, 0, 2, 2, 3, 0, 6, 4, 7, 0, 0, 1], 93.61034766475284, 0.024720430374145508, 0]
[[4, 7, 0, 2, 2, 3, 0, 6, 4, 7, 0, 2, 2], 3.2282204843816547, 0.021892786026000977, 0]
[[4, 7, 0, 2, 2, 3, 0, 6, 4, 7, 0, 4, 3], 1.9986837970932232, 0.018605470657348633, 0]
[[4, 7, 0, 2, 2, 3, 0, 6, 4, 7, 0, 6, 4], 10.85359996032863, 0.01968979835510254, 0]
[[4, 7, 0, 4, 3, 5, 0, 0, 1, 1, 0, 0, 1], 195.84227945399965, 0.012827634811401367, 0]
[[4, 7, 0, 4, 3, 5, 0, 0, 1, 1, 0, 2, 2], 6.996311586968296, 0.0172274112701416, 0]
[[4, 7, 0, 4, 3, 5, 0, 0, 1, 1, 0, 4, 3], 1.5170289620128017, 0.013349294662475586, 0]
[[4, 7, 0, 4, 3, 5, 0, 0, 1, 1, 0, 6, 4], 26.940887049065083, 0.0439910888671875, 0]
[[4, 7, 0, 4, 3, 5, 0, 2, 2, 3, 0, 0, 1], 140.69046546261336, 0.015655994415283203, 0]
[[4, 7, 0, 4, 3, 5, 0, 2, 2, 3, 0, 2, 2], 4.253783873646209, 0.017843246459960938, 0]
[[4, 7, 0, 4, 3, 5, 0, 2, 2, 3, 0, 4, 3], 1.130425411376371, 0.016835689544677734, 0]
[[4, 7, 0, 4, 3, 5, 0, 2, 2, 3, 0, 6, 4], 15.767423923503765, 0.014256954193115234, 0]
[[4, 7, 0, 4, 3, 5, 0, 4, 3, 5, 0, 0, 1], 385.0220748534321, 0.014982223510742188, 0]
[[4, 7, 0, 4, 3, 5, 0, 4, 3, 5, 0, 2, 2], 31.223630655331988, 0.10698676109313965, 0]
[[4, 7, 0, 4, 3, 5, 0, 4, 3, 5, 0, 4, 3], 3.4314912819893255, 0.036049842834472656, 0]
[[4, 7, 0, 4, 3, 5, 0, 4, 3, 5, 0, 6, 4], 63.80676032611827, 0.03000330924987793, 0]
[[4, 7, 0, 4, 3, 5, 0, 6, 4, 7, 0, 0, 1], 359.5177255500632, 0.09705352783203125, 0]
[[4, 7, 0, 4, 3, 5, 0, 6, 4, 7, 0, 2, 2], 9.748918000750086, 0.017928361892700195, 0]
[[4, 7, 0, 4, 3, 5, 0, 6, 4, 7, 0, 4, 3], 7.925369975935689, 0.025035381317138672, 0]
[[4, 7, 0, 4, 3, 5, 0, 6, 4, 7, 0, 6, 4], 36.321098670418095, 0.017817258834838867, 0]
[[4, 7, 0, 6, 4, 7, 0, 0, 1, 1, 0, 0, 1], 161.90808572047905, 0.012418270111083984, 0]
[[4, 7, 0, 6, 4, 7, 0, 0, 1, 1, 0, 2, 2], 5.0916003060940564, 0.023537635803222656, 0]
[[4, 7, 0, 6, 4, 7, 0, 0, 1, 1, 0, 4, 3], 1.0010786023521447, 0.014390707015991211, 0]
[[4, 7, 0, 6, 4, 7, 0, 0, 1, 1, 0, 6, 4], 15.607728864995485, 0.025646209716796875, 0]
[[4, 7, 0, 6, 4, 7, 0, 2, 2, 3, 0, 0, 1], 93.17930630933891, 0.013985395431518555, 0]
[[4, 7, 0, 6, 4, 7, 0, 2, 2, 3, 0, 2, 2], 2.584723827553179, 0.014391899108886719, 0]
[[4, 7, 0, 6, 4, 7, 0, 2, 2, 3, 0, 4, 3], 1.6232252420766404, 0.039034366607666016, 0]
[[4, 7, 0, 6, 4, 7, 0, 2, 2, 3, 0, 6, 4], 8.745441429274715, 0.013598203659057617, 0]
[[4, 7, 0, 6, 4, 7, 0, 4, 3, 5, 0, 0, 1], 241.66528627562718, 0.014653682708740234, 0]
[[4, 7, 0, 6, 4, 7, 0, 4, 3, 5, 0, 2, 2], 10.048230982990503, 0.01679515838623047, 0]
[[4, 7, 0, 6, 4, 7, 0, 4, 3, 5, 0, 4, 3], 2.1505479178562905, 0.03377485275268555, 0]
[[4, 7, 0, 6, 4, 7, 0, 4, 3, 5, 0, 6, 4], 37.79648397616254, 0.059047698974609375, 0]
[[4, 7, 0, 6, 4, 7, 0, 6, 4, 7, 0, 0, 1], 157.50321693009445, 0.05604720115661621, 0]
[[4, 7, 0, 6, 4, 7, 0, 6, 4, 7, 0, 2, 2], 4.831825985313434, 0.015468835830688477, 0]
[[4, 7, 0, 6, 4, 7, 0, 6, 4, 7, 0, 4, 3], 1.0702658150351203, 0.06324172019958496, 0]
[[4, 7, 0, 6, 4, 7, 0, 6, 4, 7, 0, 6, 4], 23.46239262748477, 0.019569873809814453, 0]
