[[0, 0, 1, 1, 0, 0, 1, 1, 0, 0, 1, 1, 0], 1.1086147657216712, 0.07061767578125, 0]
[[0, 0, 1, 1, 0, 0, 1, 1, 0, 2, 2, 3, 0], 1.5487244194832084, 0.09160089492797852, 0]
[[0, 0, 1, 1, 0, 0, 1, 1, 0, 4, 3, 5, 0], 1.8382136137423737, 0.08378386497497559, 0]
[[0, 0, 1, 1, 0, 0, 1, 1, 0, 6, 4, 7, 0], 1.326150871567939, 0.13880205154418945, 0]
[[0, 0, 1, 1, 0, 2, 2, 3, 0, 0, 1, 1, 0], 1.0041118259539485, 0.07915115356445312, 0]
[[0, 0, 1, 1, 0, 2, 2, 3, 0, 2, 2, 3, 0], 1.4375282510098888, 0.09933304786682129, 0]
[[0, 0, 1, 1, 0, 2, 2, 3, 0, 4, 3, 5, 0], 2.4005543977435053, 0.08565354347229004, 0]
[[0, 0, 1, 1, 0, 2, 2, 3, 0, 6, 4, 7, 0], 1.219484261833648, 0.10012674331665039, 0]
[[0, 0, 1, 1, 0, 4, 3, 5, 0, 0, 1, 1, 0], 1.000804720718999, 0.08600091934204102, 0]
[[0, 0, 1, 1, 0, 4, 3, 5, 0, 2, 2, 3, 0], 1.5205501141023583, 0.08452606201171875, 0]
[[0, 0, 1, 1, 0, 4, 3, 5, 0, 4, 3, 5, 0], 1.2668523481920904, 0.1859736442565918, 0]
[[0, 0, 1, 1, 0, 4, 3, 5, 0, 6, 4, 7, 0], 1.0169420937872462, 0.1077582836151123, 0]
[[0, 0, 1, 1, 0, 6, 4, 7, 0, 0, 1, 1, 0], 2.8848941638569507, 0.11844372749328613, 0]
[[0, 0, 1, 1, 0, 6, 4, 7, 0, 2, 2, 3, 0], 1.2883584033500033, 0.12529587745666504, 0]
[[0, 0, 1, 1, 0, 6, 4, 7, 0, 4, 3, 5, 0], 1.5658994333102678, 0.11784744262695312, 0]
[[0, 0, 1, 1, 0, 6, 4, 7, 0, 6, 4, 7, 0], 2.0259841576248396, 0.11738944053649902, 0]
[[0, 2, 2, 3, 0, 0, 1, 1, 0, 0, 1, 1, 0], 1.3337221680344147, 0.09469151496887207, 0]
[[0, 2, 2, 3, 0, 0, 1, 1, 0, 2, 2, 3, 0], 1.334264424675635, 0.0985414981842041, 0]
[[0, 2, 2, 3, 0, 0, 1, 1, 0, 4, 3, 5, 0], 3.6328989979788595, 0.10467243194580078, 0]
[[0, 2, 2, 3, 0, 0, 1, 1, 0, 6, 4, 7, 0], 1.0351780189356454, 0.09977388381958008, 0]
[[0, 2, 2, 3, 0, 2, 2, 3, 0, 0, 1, 1, 0], 1.943318938066973, 0.12135171890258789, 0]
[[0, 2, 2, 3, 0, 2, 2, 3, 0, 2, 2, 3, 0], 1.0342219511267021, 0.1010289192199707, 0]
[[0, 2, 2, 3, 0, 2, 2, 3, 0, 4, 3, 5, 0], 1.1169241636682765, 0.08434104919433594, 0]
[[0, 2, 2, 3, 0, 2, 2, 3, 0, 6, 4, 7, 0], 1.4240061587748873, 0.08466792106628418, 0]
[[0, 2, 2, 3, 0, 4, 3, 5, 0, 0, 1, 1, 0], 2.3960235002246213, 0.09286713600158691, 0]
[[0, 2, 2, 3, 0, 4, 3, 5, 0, 2, 2, 3, 0], 1.2197684154503603, 0.1941213607788086, 0]
[[0, 2, 2, 3, 0, 4, 3, 5, 0, 4, 3, 5, 0], 1.118446772982468, 0.10051298141479492, 0]
[[0, 2, 2, 3, 0, 4, 3, 5, 0, 6, 4, 7, 0], 2.4103570915123527, 0.09433293342590332, 0]
[[0, 2, 2, 3, 0, 6, 4, 7, 0, 0, 1, 1, 0], 1.1265703320093001, 0.08101320266723633, 0]
[[0, 2, 2, 3, 0, 6, 4, 7, 0, 2, 2, 3, 0], 1.0277121472676354, 0.08312082290649414, 0]
[[0, 2, 2, 3, 0, 6, 4, 7, 0, 4, 3, 5, 0], 1.3370489347415435, 0.11470556259155273, 0]
[[0, 2, 2, 3, 0, 6, 4, 7, 0, 6, 4, 7, 0], 1.9751276703185425, 0.11197185516357422, 0]
[[0, 4, 3, 5, 0, 0, 1, 1, 0, 0, 1, 1, 0], 1.0937829886077135, 0.10923957824707031, 0]
[[0, 4, 3, 5, 0, 0, 1, 1, 0, 2, 2, 3, 0], 1.0097721565457118, 0.09071207046508789, 0]
[[0, 4, 3, 5, 0, 0, 1, 1, 0, 4, 3, 5, 0], 1.3362299269056392, 0.19944381713867188, 0]
[[0, 4, 3, 5, 0, 0, 1, 1, 0, 6, 4, 7, 0], 1.3424586339740325, 0.13606882095336914, 0]
[[0, 4, 3, 5, 0, 2, 2, 3, 0, 0, 1, 1, 0], 1.0646940524107287, 0.1045994758605957, 0]
[[0, 4, 3, 5, 0, 2, 2, 3, 0, 2, 2, 3, 0], 1.0649950628303195, 0.1366112232208252, 0]
[[0, 4, 3, 5, 0, 2, 2, 3, 0, 4, 3, 5, 0], 1.234739591434546, 0.1307964324951172, 0]
[[0, 4, 3, 5, 0, 2, 2, 3, 0, 6, 4, 7, 0], 1.8075502502331455, 0.11391544342041016, 0]
[[0, 4, 3, 5, 0, 4, 3, 5, 0, 0, 1, 1, 0], 1.4645889250103588, 0.11165976524353027, 0]
[[0, 4, 3, 5, 0, 4, 3, 5, 0, 2, 2, 3, 0], 2.718493726338383, 0.12871289253234863, 0]
[[0, 4, 3, 5, 0, 4, 3, 5, 0, 4, 3, 5, 0], 1.3975516537838595, 0.1246640682220459, 0]
[[0, 4, 3, 5, 0, 4, 3, 5, 0, 6, 4, 7, 0], 1.5109459286321594, 0.16591668128967285, 0]
[[0, 4, 3, 5, 0, 6, 4, 7, 0, 0, 1, 1, 0], 1.0054304078320313, 0.1233055591583252, 0]
[[0, 4, 3, 5, 0, 6, 4, 7, 0, 2, 2, 3, 0], 1.071258358404362, 0.11356163024902344, 0]
[[0, 4, 3, 5, 0, 6, 4, 7, 0, 4, 3, 5, 0], 1.614480755320104, 0.13387799263000488, 0]
[[0, 4, 3, 5, 0, 6, 4, 7, 0, 6, 4, 7, 0], 1.5970574577037453, 0.10049080848693848, 0]
[[0, 6, 4, 7, 0, 0, 1, 1, 0, 2, 2, 3, 0], 1.3247271873833144, 0.0840616226196289, 0]
[[0, 6, 4, 7, 0, 0, 1, 1, 0, 4, 3, 5, 0], 1.508083018377731, 0.15098071098327637, 0]
[[0, 6, 4, 7, 0, 0, 1, 1, 0, 6, 4, 7, 0], 1.1638186954729892, 0.12448573112487793, 0]
[[0, 6, 4, 7, 0, 2, 2, 3, 0, 0, 1, 1, 0], 2.512436592964942, 0.09674859046936035, 0]
[[0, 6, 4, 7, 0, 2, 2, 3, 0, 2, 2, 3, 0], 1.0162668809489739, 0.08417701721191406, 0]
[[0, 6, 4, 7, 0, 2, 2, 3, 0, 4, 3, 5, 0], 1.054860186832969, 0.10420703887939453, 0]
[[0, 6, 4, 7, 0, 2, 2, 3, 0, 6, 4, 7, 0], 1.915790923182007, 0.08844518661499023, 0]
[[0, 6, 4, 7, 0, 4, 3, 5, 0, 0, 1, 1, 0], 1.7473139257551107, 0.11104369163513184, 0]
[[0, 6, 4, 7, 0, 4, 3, 5, 0, 2, 2, 3, 0], 1.1386321604711138, 0.11736035346984863, 0]
[[0, 6, 4, 7, 0, 4, 3, 5, 0, 4, 3, 5, 0], 1.1282569391133763, 0.11914706230163574, 0]
[[0, 6, 4, 7, 0, 4, 3, 5, 0, 6, 4, 7, 0], 1.6802937253346464, 0.09809684753417969, 0]
[[0, 6, 4, 7, 0, 6, 4, 7, 0, 0, 1, 1, 0], 1.418813707687281, 0.08733057975769043, 0]
[[0, 6, 4, 7, 0, 6, 4, 7, 0, 2, 2, 3, 0], 1.5635179263900423, 0.09686994552612305, 0]
[[0, 6, 4, 7, 0, 6, 4, 7, 0, 4, 3, 5, 0], 2.2259929753083236, 0.16864562034606934, 0]
[[0, 6, 4, 7, 0, 6, 4, 7, 0, 6, 4, 7, 0], 1.1381737203918239, 0.1470043659210205, 0]
[[1, 1, 0, 0, 1, 1, 0, 0, 1, 1, 0, 0, 1], 1.0347998828609304, 0.10350203514099121, 0]
[[1, 1, 0, 0, 1, 1, 0, 0, 1, 1, 0, 2, 2], 1.26693865210756, 0.0976858139038086, 0]
[[1, 1, 0, 0, 1, 1, 0, 0, 1, 1, 0, 4, 3], 1.007546070911869, 0.07601189613342285, 0]
[[1, 1, 0, 0, 1, 1, 0, 0, 1, 1, 0, 6, 4], 1.6001630370270477, 0.0715787410736084, 0]
[[1, 1, 0, 0, 1, 1, 0, 2, 2, 3, 0, 0, 1], 1.1441683204396227, 0.07542538642883301, 0]
[[1, 1, 0, 0, 1, 1, 0, 2, 2, 3, 0, 2, 2], 1.3657281232800444, 0.07283544540405273, 0]
[[1, 1, 0, 0, 1, 1, 0, 2, 2, 3, 0, 4, 3], 1.4840430573304653, 0.2940845489501953, 0]
[[1, 1, 0, 0, 1, 1, 0, 2, 2, 3, 0, 6, 4], 1.4476722909949729, 0.16208100318908691, 0]
[[1, 1, 0, 0, 1, 1, 0, 4, 3, 5, 0, 0, 1], 1.2214190675062662, 0.08196330070495605, 0]
[[1, 1, 0, 0, 1, 1, 0, 4, 3, 5, 0, 2, 2], 1.0232408970049478, 0.11458063125610352, 0]
[[1, 1, 0, 0, 1, 1, 0, 4, 3, 5, 0, 4, 3], 1.2241049069975711, 0.1373610496520996, 0]
[[1, 1, 0, 0, 1, 1, 0, 4, 3, 5, 0, 6, 4], 1.052583510730777, 0.0958564281463623, 0]
[[1, 1, 0, 0, 1, 1, 0, 6, 4, 7, 0, 0, 1], 1.234390666121252, 0.07758498191833496, 0]
[[1, 1, 0, 0, 1, 1, 0, 6, 4, 7, 0, 2, 2], 1.0874245416929686, 0.07913041114807129, 0]
[[1, 1, 0, 0, 1, 1, 0, 6, 4, 7, 0, 4, 3], 1.037511064366658, 0.08849883079528809, 0]
[[1, 1, 0, 0, 1, 1, 0, 6, 4, 7, 0, 6, 4], 1.1134691109675854, 0.08147597312927246, 0]
[[1, 1, 0, 2, 2, 3, 0, 0, 1, 1, 0, 0, 1], 1.60911099016766, 0.07377815246582031, 0]
[[1, 1, 0, 2, 2, 3, 0, 0, 1, 1, 0, 2, 2], 1.7587508527311153, 0.0736849308013916, 0]
[[1, 1, 0, 2, 2, 3, 0, 0, 1, 1, 0, 4, 3], 1.1633954254449708, 0.09050607681274414, 0]
[[1, 1, 0, 2, 2, 3, 0, 0, 1, 1, 0, 6, 4], 1.1104256418744198, 0.5432000160217285, 0]
[[1, 1, 0, 2, 2, 3, 0, 2, 2, 3, 0, 0, 1], 1.0805481726111474, 0.0864109992980957, 0]
[[1, 1, 0, 2, 2, 3, 0, 2, 2, 3, 0, 2, 2], 1.2803879458539735, 0.07696199417114258, 0]
[[1, 1, 0, 2, 2, 3, 0, 2, 2, 3, 0, 4, 3], 1.1089206904391562, 0.11901736259460449, 0]
[[1, 1, 0, 2, 2, 3, 0, 2, 2, 3, 0, 6, 4], 1.3486378593333608, 0.08130025863647461, 0]
[[1, 1, 0, 2, 2, 3, 0, 4, 3, 5, 0, 0, 1], 1.3123768783948973, 0.08803582191467285, 0]
[[1, 1, 0, 2, 2, 3, 0, 4, 3, 5, 0, 2, 2], 1.4560287686562763, 0.08678126335144043, 0]
[[1, 1, 0, 2, 2, 3, 0, 4, 3, 5, 0, 4, 3], 1.085111963926387, 0.10654067993164062, 0]
[[1, 1, 0, 2, 2, 3, 0, 4, 3, 5, 0, 6, 4], 1.1001723525762959, 0.09701061248779297, 0]
[[1, 1, 0, 2, 2, 3, 0, 6, 4, 7, 0, 0, 1], 1.022198848731776, 0.08152461051940918, 0]
[[1, 1, 0, 2, 2, 3, 0, 6, 4, 7, 0, 2, 2], 1.0081238722407464, 0.08423662185668945, 0]
[[1, 1, 0, 2, 2, 3, 0, 6, 4, 7, 0, 4, 3], 1.0635514767149752, 0.08571124076843262, 0]
[[1, 1, 0, 2, 2, 3, 0, 6, 4, 7, 0, 6, 4], 1.203147892698799, 0.1021890640258789, 0]
[[1, 1, 0, 4, 3, 5, 0, 0, 1, 1, 0, 0, 1], 1.7150015155101437, 0.1057286262512207, 0]
[[1, 1, 0, 4, 3, 5, 0, 0, 1, 1, 0, 2, 2], 1.190918334607604, 0.09302544593811035, 0]
[[1, 1, 0, 4, 3, 5, 0, 0, 1, 1, 0, 4, 3], 1.362482028544049, 0.11930346488952637, 0]
[[1, 1, 0, 4, 3, 5, 0, 0, 1, 1, 0, 6, 4], 1.5171218909440312, 0.11893439292907715, 0]
[[1, 1, 0, 4, 3, 5, 0, 2, 2, 3, 0, 0, 1], 1.5134880634454473, 0.08796477317810059, 0]
[[1, 1, 0, 4, 3, 5, 0, 2, 2, 3, 0, 2, 2], 1.2262236314676997, 0.12095761299133301, 0]
[[1, 1, 0, 4, 3, 5, 0, 2, 2, 3, 0, 4, 3], 1.2574468000932901, 0.08817577362060547, 0]
[[1, 1, 0, 4, 3, 5, 0, 2, 2, 3, 0, 6, 4], 1.2162783846400012, 0.09368181228637695, 0]
[[1, 1, 0, 4, 3, 5, 0, 4, 3, 5, 0, 0, 1], 1.1800527028461922, 0.09269595146179199, 0]
[[1, 1, 0, 4, 3, 5, 0, 4, 3, 5, 0, 2, 2], 1.0247288345184007, 0.09412074089050293, 0]
[[1, 1, 0, 4, 3, 5, 0, 4, 3, 5, 0, 4, 3], 1.2071153657024842, 0.09802389144897461, 0]
[[1, 1, 0, 4, 3, 5, 0, 4, 3, 5, 0, 6, 4], 1.0188628309561543, 0.13306832313537598, 0]
[[1, 1, 0, 4, 3, 5, 0, 6, 4, 7, 0, 0, 1], 1.1800139925548945, 0.09410405158996582, 0]
[[1, 1, 0, 4, 3, 5, 0, 6, 4, 7, 0, 2, 2], 1.1237512767581872, 0.10405731201171875, 0]
[[1, 1, 0, 4, 3, 5, 0, 6, 4, 7, 0, 4, 3], 1.2270119133237034, 0.14225101470947266, 0]
[[1, 1, 0, 4, 3, 5, 0, 6, 4, 7, 0, 6, 4], 1.4692984606284885, 0.09581351280212402, 0]
[[1, 1, 0, 6, 4, 7, 0, 0, 1, 1, 0, 0, 1], 1.051756551401904, 0.08436250686645508, 0]
[[1, 1, 0, 6, 4, 7, 0, 0, 1, 1, 0, 2, 2], 1.0498238693058854, 0.07966470718383789, 0]
[[1, 1, 0, 6, 4, 7, 0, 0, 1, 1, 0, 4, 3], 1.2402307853729562, 0.08406496047973633, 0]
[[1, 1, 0, 6, 4, 7, 0, 0, 1, 1, 0, 6, 4], 1.5470855018104193, 0.08063077926635742, 0]
[[1, 1, 0, 6, 4, 7, 0, 2, 2, 3, 0, 0, 1], 1.1573596245082098, 0.08138680458068848, 0]
[[1, 1, 0, 6, 4, 7, 0, 2, 2, 3, 0, 2, 2], 1.0464815701600345, 0.08216357231140137, 0]
[[1, 1, 0, 6, 4, 7, 0, 2, 2, 3, 0, 4, 3], 1.260700934203393, 0.11019539833068848, 0]
[[1, 1, 0, 6, 4, 7, 0, 2, 2, 3, 0, 6, 4], 1.3591707366192962, 0.08065986633300781, 0]
[[1, 1, 0, 6, 4, 7, 0, 4, 3, 5, 0, 0, 1], 1.3351292786505644, 0.0976712703704834, 0]
[[1, 1, 0, 6, 4, 7, 0, 4, 3, 5, 0, 2, 2], 1.150072235429876, 0.09326434135437012, 0]
[[1, 1, 0, 6, 4, 7, 0, 4, 3, 5, 0, 4, 3], 1.1216264255480874, 0.15385031700134277, 0]
[[1, 1, 0, 6, 4, 7, 0, 4, 3, 5, 0, 6, 4], 1.025249152837478, 0.1339111328125, 0]
[[1, 1, 0, 6, 4, 7, 0, 6, 4, 7, 0, 0, 1], 1.0034345476286057, 0.13448786735534668, 0]
[[1, 1, 0, 6, 4, 7, 0, 6, 4, 7, 0, 2, 2], 1.709660836865704, 0.10384273529052734, 0]
[[1, 1, 0, 6, 4, 7, 0, 6, 4, 7, 0, 4, 3], 1.6581600576952338, 0.09691977500915527, 0]
[[1, 1, 0, 6, 4, 7, 0, 6, 4, 7, 0, 6, 4], 1.1124738291200675, 0.11230134963989258, 0]
[[2, 3, 0, 0, 1, 1, 0, 0, 1, 1, 0, 0, 1], 1.023091073100849, 0.11144852638244629, 0]
[[2, 3, 0, 0, 1, 1, 0, 0, 1, 1, 0, 2, 2], 1.0737976282415063, 0.11823797225952148, 0]
[[2, 3, 0, 0, 1, 1, 0, 0, 1, 1, 0, 4, 3], 1.149082115780818, 0.07784438133239746, 0]
[[2, 3, 0, 0, 1, 1, 0, 0, 1, 1, 0, 6, 4], 1.0486597447294108, 0.07510566711425781, 0]
[[2, 3, 0, 0, 1, 1, 0, 2, 2, 3, 0, 0, 1], 1.4562793252299016, 0.09758710861206055, 0]
[[2, 3, 0, 0, 1, 1, 0, 2, 2, 3, 0, 2, 2], 1.3621845365733245, 0.09965038299560547, 0]
[[2, 3, 0, 0, 1, 1, 0, 2, 2, 3, 0, 4, 3], 1.2864972745765237, 0.13636326789855957, 0]
[[2, 3, 0, 0, 1, 1, 0, 2, 2, 3, 0, 6, 4], 1.1700313698342606, 0.10200142860412598, 0]
[[2, 3, 0, 0, 1, 1, 0, 4, 3, 5, 0, 0, 1], 1.086893542607869, 0.09872937202453613, 0]
[[2, 3, 0, 0, 1, 1, 0, 4, 3, 5, 0, 2, 2], 1.2229146622628688, 0.08736896514892578, 0]
[[2, 3, 0, 0, 1, 1, 0, 4, 3, 5, 0, 4, 3], 1.0187549183132694, 0.10112428665161133, 0]
[[2, 3, 0, 0, 1, 1, 0, 4, 3, 5, 0, 6, 4], 1.0920325462358025, 0.09175348281860352, 0]
[[2, 3, 0, 0, 1, 1, 0, 6, 4, 7, 0, 0, 1], 1.552836087227273, 0.08422303199768066, 0]
[[2, 3, 0, 0, 1, 1, 0, 6, 4, 7, 0, 2, 2], 1.275070280918592, 0.095062255859375, 0]
[[2, 3, 0, 0, 1, 1, 0, 6, 4, 7, 0, 4, 3], 1.3935935614726331, 0.08372735977172852, 0]
[[2, 3, 0, 0, 1, 1, 0, 6, 4, 7, 0, 6, 4], 1.0117056253198569, 0.0850057601928711, 0]
[[2, 3, 0, 2, 2, 3, 0, 0, 1, 1, 0, 0, 1], 1.176584776452524, 0.09390664100646973, 0]
[[2, 3, 0, 2, 2, 3, 0, 0, 1, 1, 0, 2, 2], 1.153420230977434, 0.09606122970581055, 0]
[[2, 3, 0, 2, 2, 3, 0, 0, 1, 1, 0, 4, 3], 1.2448851375308052, 0.13227033615112305, 0]
[[2, 3, 0, 2, 2, 3, 0, 0, 1, 1, 0, 6, 4], 1.1712731691732348, 0.11561059951782227, 0]
[[2, 3, 0, 2, 2, 3, 0, 2, 2, 3, 0, 0, 1], 1.189162606854351, 0.0793604850769043, 0]
[[2, 3, 0, 2, 2, 3, 0, 2, 2, 3, 0, 2, 2], 1.0105394724502417, 0.0788888931274414, 0]
[[2, 3, 0, 2, 2, 3, 0, 2, 2, 3, 0, 4, 3], 1.0038206243270935, 0.08246541023254395, 0]
[[2, 3, 0, 2, 2, 3, 0, 2, 2, 3, 0, 6, 4], 1.0963915527573078, 0.07907843589782715, 0]
[[2, 3, 0, 2, 2, 3, 0, 4, 3, 5, 0, 0, 1], 1.1692480529067408, 0.08420324325561523, 0]
[[2, 3, 0, 2, 2, 3, 0, 4, 3, 5, 0, 2, 2], 1.1471934068146077, 0.09475231170654297, 0]
[[2, 3, 0, 2, 2, 3, 0, 4, 3, 5, 0, 4, 3], 1.4784984627452635, 0.15639328956604004, 0]
[[2, 3, 0, 2, 2, 3, 0, 4, 3, 5, 0, 6, 4], 1.1583037982098914, 0.10493016242980957, 0]
[[2, 3, 0, 2, 2, 3, 0, 6, 4, 7, 0, 0, 1], 1.1454133117456367, 0.13087058067321777, 0]
[[2, 3, 0, 2, 2, 3, 0, 6, 4, 7, 0, 2, 2], 1.2864575917476144, 0.09839200973510742, 0]
[[2, 3, 0, 2, 2, 3, 0, 6, 4, 7, 0, 4, 3], 1.0587894376297835, 0.08459734916687012, 0]
[[2, 3, 0, 2, 2, 3, 0, 6, 4, 7, 0, 6, 4], 1.3536979177645472, 0.09989809989929199, 0]
[[2, 3, 0, 4, 3, 5, 0, 0, 1, 1, 0, 0, 1], 1.5346844615059456, 0.0840311050415039, 0]
[[2, 3, 0, 4, 3, 5, 0, 0, 1, 1, 0, 2, 2], 1.0171027353932645, 0.08496761322021484, 0]
[[2, 3, 0, 4, 3, 5, 0, 0, 1, 1, 0, 4, 3], 1.250424457213622, 0.15299701690673828, 0]
[[2, 3, 0, 4, 3, 5, 0, 0, 1, 1, 0, 6, 4], 1.0110916189275634, 0.09967494010925293, 0]
[[2, 3, 0, 4, 3, 5, 0, 2, 2, 3, 0, 0, 1], 1.0114238667204665, 0.10079550743103027, 0]
[[2, 3, 0, 4, 3, 5, 0, 2, 2, 3, 0, 2, 2], 1.0890950583971861, 0.08588123321533203, 0]
[[2, 3, 0, 4, 3, 5, 0, 2, 2, 3, 0, 4, 3], 1.1437386277588442, 0.1071779727935791, 0]
[[2, 3, 0, 4, 3, 5, 0, 2, 2, 3, 0, 6, 4], 1.2633519956615171, 0.13951659202575684, 0]
[[2, 3, 0, 4, 3, 5, 0, 4, 3, 5, 0, 0, 1], 1.0188741928306946, 0.09820055961608887, 0]
[[2, 3, 0, 4, 3, 5, 0, 4, 3, 5, 0, 2, 2], 1.259631406321934, 0.12005901336669922, 0]
[[2, 3, 0, 4, 3, 5, 0, 4, 3, 5, 0, 4, 3], 1.400655552421587, 0.10426616668701172, 0]
[[2, 3, 0, 4, 3, 5, 0, 4, 3, 5, 0, 6, 4], 1.7084542919633412, 0.12766599655151367, 0]
[[2, 3, 0, 4, 3, 5, 0, 6, 4, 7, 0, 0, 1], 1.0534318697050036, 0.14483952522277832, 0]
[[2, 3, 0, 4, 3, 5, 0, 6, 4, 7, 0, 2, 2], 1.1231852643493725, 0.09447669982910156, 0]
[[2, 3, 0, 4, 3, 5, 0, 6, 4, 7, 0, 4, 3], 1.0194823439895633, 0.10570836067199707, 0]
[[2, 3, 0, 4, 3, 5, 0, 6, 4, 7, 0, 6, 4], 1.2052888209651396, 0.13070154190063477, 0]
[[2, 3, 0, 6, 4, 7, 0, 0, 1, 1, 0, 0, 1], 1.4068982751046786, 0.08892822265625, 0]
[[2, 3, 0, 6, 4, 7, 0, 0, 1, 1, 0, 2, 2], 1.2623148395737267, 0.09425973892211914, 0]
[[2, 3, 0, 6, 4, 7, 0, 0, 1, 1, 0, 4, 3], 1.2792904869998778, 0.08545804023742676, 0]
[[2, 3, 0, 6, 4, 7, 0, 0, 1, 1, 0, 6, 4], 1.5508206368100121, 0.1024942398071289, 0]
[[2, 3, 0, 6, 4, 7, 0, 2, 2, 3, 0, 0, 1], 1.0282862748660435, 0.08442544937133789, 0]
[[2, 3, 0, 6, 4, 7, 0, 2, 2, 3, 0, 2, 2], 1.2846403931903085, 0.08506631851196289, 0]
[[2, 3, 0, 6, 4, 7, 0, 2, 2, 3, 0, 4, 3], 1.3413681347352113, 0.08759260177612305, 0]
[[2, 3, 0, 6, 4, 7, 0, 2, 2, 3, 0, 6, 4], 1.268414777601417, 0.15726184844970703, 0]
[[2, 3, 0, 6, 4, 7, 0, 4, 3, 5, 0, 0, 1], 1.0303993254221917, 0.10029244422912598, 0]
[[2, 3, 0, 6, 4, 7, 0, 4, 3, 5, 0, 2, 2], 1.1039249829919195, 0.1816549301147461, 0]
[[2, 3, 0, 6, 4, 7, 0, 4, 3, 5, 0, 4, 3], 1.278319972213275, 0.09838700294494629, 0]
[[2, 3, 0, 6, 4, 7, 0, 4, 3, 5, 0, 6, 4], 1.038438517188531, 0.09446144104003906, 0]
[[2, 3, 0, 6, 4, 7, 0, 6, 4, 7, 0, 0, 1], 1.1957558796764078, 0.1418466567993164, 0]
[[2, 3, 0, 6, 4, 7, 0, 6, 4, 7, 0, 2, 2], 1.0981219059442648, 0.09118938446044922, 0]
[[2, 3, 0, 6, 4, 7, 0, 6, 4, 7, 0, 4, 3], 1.4583286703999063, 0.11808967590332031, 0]
[[2, 3, 0, 6, 4, 7, 0, 6, 4, 7, 0, 6, 4], 1.178600294945662, 0.09140253067016602, 0]
[[3, 5, 0, 0, 1, 1, 0, 0, 1, 1, 0, 0, 1], 1.1656068864710112, 0.08692383766174316, 0]
[[3, 5, 0, 0, 1, 1, 0, 0, 1, 1, 0, 2, 2], 1.1093705814891879, 0.09575891494750977, 0]
[[3, 5, 0, 0, 1, 1, 0, 0, 1, 1, 0, 4, 3], 1.9379976231179619, 0.08466267585754395, 0]
[[3, 5, 0, 0, 1, 1, 0, 0, 1, 1, 0, 6, 4], 1.030154048006804, 0.07915210723876953, 0]
[[3, 5, 0, 0, 1, 1, 0, 2, 2, 3, 0, 0, 1], 1.5423618251984914, 0.1253056526184082, 0]
[[3, 5, 0, 0, 1, 1, 0, 2, 2, 3, 0, 2, 2], 1.022818307646567, 0.09464120864868164, 0]
[[3, 5, 0, 0, 1, 1, 0, 2, 2, 3, 0, 4, 3], 1.0722297062929793, 0.09109830856323242, 0]
[[3, 5, 0, 0, 1, 1, 0, 2, 2, 3, 0, 6, 4], 1.695195009203913, 0.08218073844909668, 0]
[[3, 5, 0, 0, 1, 1, 0, 4, 3, 5, 0, 0, 1], 1.0761689748518197, 0.0901494026184082, 0]
[[3, 5, 0, 0, 1, 1, 0, 4, 3, 5, 0, 2, 2], 1.1258653167643122, 0.08930301666259766, 0]
[[3, 5, 0, 0, 1, 1, 0, 4, 3, 5, 0, 4, 3], 1.124113632081213, 0.09320640563964844, 0]
[[3, 5, 0, 0, 1, 1, 0, 4, 3, 5, 0, 6, 4], 1.0079183041209911, 0.09603047370910645, 0]
[[3, 5, 0, 0, 1, 1, 0, 6, 4, 7, 0, 0, 1], 1.020718736039575, 0.08933663368225098, 0]
[[3, 5, 0, 0, 1, 1, 0, 6, 4, 7, 0, 2, 2], 1.389470438290218, 0.09377908706665039, 0]
[[3, 5, 0, 0, 1, 1, 0, 6, 4, 7, 0, 4, 3], 1.704882526292575, 0.09175944328308105, 0]
[[3, 5, 0, 0, 1, 1, 0, 6, 4, 7, 0, 6, 4], 1.1030435207024072, 0.08704113960266113, 0]
[[3, 5, 0, 2, 2, 3, 0, 0, 1, 1, 0, 0, 1], 1.7108490275557036, 0.08578920364379883, 0]
[[3, 5, 0, 2, 2, 3, 0, 0, 1, 1, 0, 2, 2], 1.0900320545762403, 0.08505797386169434, 0]
[[3, 5, 0, 2, 2, 3, 0, 0, 1, 1, 0, 4, 3], 1.820804506918937, 0.11004161834716797, 0]
[[3, 5, 0, 2, 2, 3, 0, 0, 1, 1, 0, 6, 4], 1.3069993614855469, 0.08456254005432129, 0]
[[3, 5, 0, 2, 2, 3, 0, 2, 2, 3, 0, 0, 1], 1.0283317623247084, 0.08513236045837402, 0]
[[3, 5, 0, 2, 2, 3, 0, 2, 2, 3, 0, 2, 2], 1.1210515566081714, 0.08894991874694824, 0]
[[3, 5, 0, 2, 2, 3, 0, 2, 2, 3, 0, 4, 3], 1.109017349234099, 0.09170150756835938, 0]
[[3, 5, 0, 2, 2, 3, 0, 2, 2, 3, 0, 6, 4], 1.2068304810235428, 0.12136578559875488, 0]
[[3, 5, 0, 2, 2, 3, 0, 4, 3, 5, 0, 0, 1], 1.323795478067905, 0.09412121772766113, 0]
[[3, 5, 0, 2, 2, 3, 0, 4, 3, 5, 0, 2, 2], 1.240993076719361, 0.10249495506286621, 0]
[[3, 5, 0, 2, 2, 3, 0, 4, 3, 5, 0, 4, 3], 1.4804737513670225, 0.09914970397949219, 0]
[[3, 5, 0, 2, 2, 3, 0, 4, 3, 5, 0, 6, 4], 2.0486561056503, 0.0914158821105957, 0]
[[3, 5, 0, 2, 2, 3, 0, 6, 4, 7, 0, 0, 1], 1.078172249194128, 0.10874557495117188, 0]
[[3, 5, 0, 2, 2, 3, 0, 6, 4, 7, 0, 2, 2], 1.8377167999165105, 0.12696480751037598, 0]
[[3, 5, 0, 2, 2, 3, 0, 6, 4, 7, 0, 4, 3], 1.2590306747848303, 0.10433530807495117, 0]
[[3, 5, 0, 2, 2, 3, 0, 6, 4, 7, 0, 6, 4], 1.0800935214943128, 0.09003758430480957, 0]
[[3, 5, 0, 4, 3, 5, 0, 0, 1, 1, 0, 0, 1], 1.0593627641010774, 0.08861374855041504, 0]
[[3, 5, 0, 4, 3, 5, 0, 0, 1, 1, 0, 2, 2], 1.1361324323774404, 0.10114908218383789, 0]
[[3, 5, 0, 4, 3, 5, 0, 0, 1, 1, 0, 4, 3], 1.4270678886612223, 0.0939798355102539, 0]
[[3, 5, 0, 4, 3, 5, 0, 0, 1, 1, 0, 6, 4], 1.053483371340356, 0.09154033660888672, 0]
[[3, 5, 0, 4, 3, 5, 0, 2, 2, 3, 0, 0, 1], 1.0160873843705698, 0.09482383728027344, 0]
[[3, 5, 0, 4, 3, 5, 0, 2, 2, 3, 0, 2, 2], 1.1793711933104478, 0.09837579727172852, 0]
[[3, 5, 0, 4, 3, 5, 0, 2, 2, 3, 0, 4, 3], 1.4601667413135644, 0.09642577171325684, 0]
[[3, 5, 0, 4, 3, 5, 0, 2, 2, 3, 0, 6, 4], 1.2607251458515312, 0.1596972942352295, 0]
[[3, 5, 0, 4, 3, 5, 0, 4, 3, 5, 0, 0, 1], 1.194060640031849, 0.20922255516052246, 0]
[[3, 5, 0, 4, 3, 5, 0, 4, 3, 5, 0, 2, 2], 1.3749494756974798, 0.10630369186401367, 0]
[[3, 5, 0, 4, 3, 5, 0, 4, 3, 5, 0, 4, 3], 1.193658156601499, 0.1672511100769043, 0]
[[3, 5, 0, 4, 3, 5, 0, 4, 3, 5, 0, 6, 4], 1.698068915649871, 0.10365891456604004, 0]
[[3, 5, 0, 4, 3, 5, 0, 6, 4, 7, 0, 0, 1], 1.3927520747387192, 0.09613585472106934, 0]
[[3, 5, 0, 4, 3, 5, 0, 6, 4, 7, 0, 2, 2], 1.024441986373805, 0.11197996139526367, 0]
[[3, 5, 0, 4, 3, 5, 0, 6, 4, 7, 0, 4, 3], 1.9480536107998707, 0.10349321365356445, 0]
[[3, 5, 0, 4, 3, 5, 0, 6, 4, 7, 0, 6, 4], 1.5235540198295179, 0.09835982322692871, 0]
[[3, 5, 0, 6, 4, 7, 0, 0, 1, 1, 0, 0, 1], 1.5344030005583995, 0.09624910354614258, 0]
[[3, 5, 0, 6, 4, 7, 0, 0, 1, 1, 0, 2, 2], 1.4351639711245854, 0.08604764938354492, 0]
[[3, 5, 0, 6, 4, 7, 0, 0, 1, 1, 0, 4, 3], 1.0298215823385446, 0.11505579948425293, 0]
[[3, 5, 0, 6, 4, 7, 0, 0, 1, 1, 0, 6, 4], 1.2625166649849906, 0.10120677947998047, 0]
[[3, 5, 0, 6, 4, 7, 0, 2, 2, 3, 0, 0, 1], 1.1614583412958255, 0.08800840377807617, 0]
[[3, 5, 0, 6, 4, 7, 0, 2, 2, 3, 0, 2, 2], 1.116280478238975, 0.08763360977172852, 0]
[[3, 5, 0, 6, 4, 7, 0, 2, 2, 3, 0, 4, 3], 2.154598816450468, 0.09290552139282227, 0]
[[3, 5, 0, 6, 4, 7, 0, 2, 2, 3, 0, 6, 4], 1.7260476112171395, 0.09664583206176758, 0]
[[3, 5, 0, 6, 4, 7, 0, 4, 3, 5, 0, 0, 1], 1.0925955155396492, 0.09905362129211426, 0]
[[3, 5, 0, 6, 4, 7, 0, 4, 3, 5, 0, 2, 2], 1.34749501319666, 0.1007838249206543, 0]
[[3, 5, 0, 6, 4, 7, 0, 4, 3, 5, 0, 4, 3], 1.007199284585192, 0.10129380226135254, 0]
[[3, 5, 0, 6, 4, 7, 0, 4, 3, 5, 0, 6, 4], 1.4751195581499048, 0.15366125106811523, 0]
[[3, 5, 0, 6, 4, 7, 0, 6, 4, 7, 0, 0, 1], 1.0250788357621998, 0.09437823295593262, 0]
[[3, 5, 0, 6, 4, 7, 0, 6, 4, 7, 0, 2, 2], 1.1490911927488743, 0.10767507553100586, 0]
[[3, 5, 0, 6, 4, 7, 0, 6, 4, 7, 0, 4, 3], 1.5041562308169512, 0.3518860340118408, 0]
[[3, 5, 0, 6, 4, 7, 0, 6, 4, 7, 0, 6, 4], 1.3602246702729746, 0.09741878509521484, 0]
[[4, 7, 0, 0, 1, 1, 0, 0, 1, 1, 0, 0, 1], 1.5483518834887473, 0.1246647834777832, 0]
[[4, 7, 0, 0, 1, 1, 0, 0, 1, 1, 0, 2, 2], 1.1906983027665956, 0.09709930419921875, 0]
[[4, 7, 0, 0, 1, 1, 0, 0, 1, 1, 0, 4, 3], 1.6819213203189747, 0.08227038383483887, 0]
[[4, 7, 0, 0, 1, 1, 0, 0, 1, 1, 0, 6, 4], 1.2050426882330032, 0.11424088478088379, 0]
[[4, 7, 0, 0, 1, 1, 0, 2, 2, 3, 0, 0, 1], 1.0602583175322158, 0.08169245719909668, 0]
[[4, 7, 0, 0, 1, 1, 0, 2, 2, 3, 0, 2, 2], 1.0575870826864275, 0.09223294258117676, 0]
[[4, 7, 0, 0, 1, 1, 0, 2, 2, 3, 0, 4, 3], 1.217240853483805, 0.0829002857208252, 0]
[[4, 7, 0, 0, 1, 1, 0, 2, 2, 3, 0, 6, 4], 1.405833673747157, 0.09364843368530273, 0]
[[4, 7, 0, 0, 1, 1, 0, 4, 3, 5, 0, 0, 1], 1.4964013184889244, 0.10523271560668945, 0]
[[4, 7, 0, 0, 1, 1, 0, 4, 3, 5, 0, 2, 2], 1.0381316453096856, 0.08792924880981445, 0]
[[4, 7, 0, 0, 1, 1, 0, 4, 3, 5, 0, 4, 3], 1.123235857469634, 0.11293888092041016, 0]
[[4, 7, 0, 0, 1, 1, 0, 4, 3, 5, 0, 6, 4], 1.5193808784610134, 0.10443258285522461, 0]
[[4, 7, 0, 0, 1, 1, 0, 6, 4, 7, 0, 0, 1], 1.1968067145147396, 0.09986448287963867, 0]
[[4, 7, 0, 0, 1, 1, 0, 6, 4, 7, 0, 2, 2], 1.2589662699219153, 0.09677696228027344, 0]
[[4, 7, 0, 0, 1, 1, 0, 6, 4, 7, 0, 4, 3], 1.0407651656149244, 0.09415841102600098, 0]
[[4, 7, 0, 0, 1, 1, 0, 6, 4, 7, 0, 6, 4], 1.3237821230931213, 0.08855128288269043, 0]
[[4, 7, 0, 2, 2, 3, 0, 0, 1, 1, 0, 0, 1], 1.0787269318562833, 0.12479424476623535, 0]
[[4, 7, 0, 2, 2, 3, 0, 0, 1, 1, 0, 2, 2], 1.4604881467701902, 0.08011817932128906, 0]
[[4, 7, 0, 2, 2, 3, 0, 0, 1, 1, 0, 4, 3], 1.5770674784647298, 0.11086511611938477, 0]
[[4, 7, 0, 2, 2, 3, 0, 0, 1, 1, 0, 6, 4], 1.0072142550509593, 0.07971072196960449, 0]
[[4, 7, 0, 2, 2, 3, 0, 2, 2, 3, 0, 0, 1], 1.095512676042759, 0.08129668235778809, 0]
[[4, 7, 0, 2, 2, 3, 0, 2, 2, 3, 0, 2, 2], 1.0434877799173352, 0.08148813247680664, 0]
[[4, 7, 0, 2, 2, 3, 0, 2, 2, 3, 0, 4, 3], 1.3205510509112857, 0.09521961212158203, 0]
[[4, 7, 0, 2, 2, 3, 0, 2, 2, 3, 0, 6, 4], 1.1856345134279682, 0.08296942710876465, 0]
[[4, 7, 0, 2, 2, 3, 0, 4, 3, 5, 0, 0, 1], 1.0216672959221396, 0.09274721145629883, 0]
[[4, 7, 0, 2, 2, 3, 0, 4, 3, 5, 0, 2, 2], 1.681512533375743, 0.10469341278076172, 0]
[[4, 7, 0, 2, 2, 3, 0, 4, 3, 5, 0, 4, 3], 1.3894195314144229, 0.1083521842956543, 0]
[[4, 7, 0, 2, 2, 3, 0, 4, 3, 5, 0, 6, 4], 1.0831980461202027, 0.09724879264831543, 0]
[[4, 7, 0, 2, 2, 3, 0, 6, 4, 7, 0, 0, 1], 1.117258267443364, 0.10480618476867676, 0]
[[4, 7, 0, 2, 2, 3, 0, 6, 4, 7, 0, 2, 2], 1.3114628917003688, 0.1262342929840088, 0]
[[4, 7, 0, 2, 2, 3, 0, 6, 4, 7, 0, 4, 3], 1.1250481416759743, 0.12831330299377441, 0]
[[4, 7, 0, 2, 2, 3, 0, 6, 4, 7, 0, 6, 4], 1.1560759155973617, 0.0931541919708252, 0]
[[4, 7, 0, 4, 3, 5, 0, 0, 1, 1, 0, 0, 1], 1.3826416759639288, 0.08779239654541016, 0]
[[4, 7, 0, 4, 3, 5, 0, 0, 1, 1, 0, 2, 2], 1.1665054309978153, 0.08852672576904297, 0]
[[4, 7, 0, 4, 3, 5, 0, 0, 1, 1, 0, 4, 3], 1.1770144627533194, 0.09298253059387207, 0]
[[4, 7, 0, 4, 3, 5, 0, 0, 1, 1, 0, 6, 4], 1.260726216788874, 0.12632107734680176, 0]
[[4, 7, 0, 4, 3, 5, 0, 2, 2, 3, 0, 0, 1], 1.0679509194709969, 0.10457849502563477, 0]
[[4, 7, 0, 4, 3, 5, 0, 2, 2, 3, 0, 2, 2], 1.1551170581217454, 0.09208035469055176, 0]
[[4, 7, 0, 4, 3, 5, 0, 2, 2, 3, 0, 4, 3], 1.133634590332591, 0.09559202194213867, 0]
[[4, 7, 0, 4, 3, 5, 0, 2, 2, 3, 0, 6, 4], 1.0926467412195873, 0.09342002868652344, 0]
[[4, 7, 0, 4, 3, 5, 0, 4, 3, 5, 0, 0, 1], 1.2350108304022194, 0.09941864013671875, 0]
[[4, 7, 0, 4, 3, 5, 0, 4, 3, 5, 0, 2, 2], 1.2128536721886851, 0.15039491653442383, 0]
[[4, 7, 0, 4, 3, 5, 0, 4, 3, 5, 0, 4, 3], 2.17211181491624, 0.11584973335266113, 0]
[[4, 7, 0, 4, 3, 5, 0, 4, 3, 5, 0, 6, 4], 1.368493574123456, 0.11274528503417969, 0]
[[4, 7, 0, 4, 3, 5, 0, 6, 4, 7, 0, 0, 1], 1.087026501046533, 0.14894652366638184, 0]
[[4, 7, 0, 4, 3, 5, 0, 6, 4, 7, 0, 2, 2], 1.1821342423835641, 0.09795570373535156, 0]
[[4, 7, 0, 4, 3, 5, 0, 6, 4, 7, 0, 4, 3], 1.4688142226880971, 0.10954594612121582, 0]
[[4, 7, 0, 4, 3, 5, 0, 6, 4, 7, 0, 6, 4], 1.0408547740897836, 0.10013031959533691, 0]
[[4, 7, 0, 6, 4, 7, 0, 0, 1, 1, 0, 0, 1], 1.4899176747894252, 0.08718705177307129, 0]
[[4, 7, 0, 6, 4, 7, 0, 0, 1, 1, 0, 2, 2], 1.090498335802459, 0.08505415916442871, 0]
[[4, 7, 0, 6, 4, 7, 0, 0, 1, 1, 0, 4, 3], 1.2719423871949327, 0.09142541885375977, 0]
[[4, 7, 0, 6, 4, 7, 0, 0, 1, 1, 0, 6, 4], 1.2917819483206323, 0.09351611137390137, 0]
[[4, 7, 0, 6, 4, 7, 0, 2, 2, 3, 0, 0, 1], 1.8560166254851391, 0.08738279342651367, 0]
[[4, 7, 0, 6, 4, 7, 0, 2, 2, 3, 0, 2, 2], 1.0825475142173415, 0.08858990669250488, 0]
[[4, 7, 0, 6, 4, 7, 0, 2, 2, 3, 0, 4, 3], 1.2080645225890472, 0.10459089279174805, 0]
[[4, 7, 0, 6, 4, 7, 0, 2, 2, 3, 0, 6, 4], 1.2150470366111503, 0.09041786193847656, 0]
[[4, 7, 0, 6, 4, 7, 0, 4, 3, 5, 0, 0, 1], 1.4782779218519266, 0.09654879570007324, 0]
[[4, 7, 0, 6, 4, 7, 0, 4, 3, 5, 0, 2, 2], 1.4828003410268582, 0.10024046897888184, 0]
[[4, 7, 0, 6, 4, 7, 0, 4, 3, 5, 0, 4, 3], 1.3862578964531687, 0.12422037124633789, 0]
[[4, 7, 0, 6, 4, 7, 0, 4, 3, 5, 0, 6, 4], 1.2571032379494993, 0.1243281364440918, 0]
[[4, 7, 0, 6, 4, 7, 0, 6, 4, 7, 0, 0, 1], 1.1608260969933744, 0.12552547454833984, 0]
[[4, 7, 0, 6, 4, 7, 0, 6, 4, 7, 0, 2, 2], 1.224703073047395, 0.09283757209777832, 0]
[[4, 7, 0, 6, 4, 7, 0, 6, 4, 7, 0, 4, 3], 1.1988059731689236, 0.11965131759643555, 0]
[[4, 7, 0, 6, 4, 7, 0, 6, 4, 7, 0, 6, 4], 1.5692470174214572, 0.09492683410644531, 0]
