[[0, 0, 1, 1, 0, 0, 1, 1, 0, 0, 1, 1, 0], 16966.436311705707, 0.00032639503479003906, 0]
[[0, 0, 1, 1, 0, 0, 1, 1, 0, 2, 2, 3, 0], 101527.20671052535, 0.000354766845703125, 0]
[[0, 0, 1, 1, 0, 0, 1, 1, 0, 4, 3, 5, 0], 2248.246833408048, 0.0007822513580322266, 0]
[[0, 0, 1, 1, 0, 0, 1, 1, 0, 6, 4, 7, 0], 4421.316323386754, 0.0008161067962646484, 0]
[[0, 0, 1, 1, 0, 2, 2, 3, 0, 0, 1, 1, 0], 103609.57081273777, 0.00031256675720214844, 0]
[[0, 0, 1, 1, 0, 2, 2, 3, 0, 2, 2, 3, 0], 101527.20671052535, 0.0003230571746826172, 0]
[[0, 0, 1, 1, 0, 2, 2, 3, 0, 4, 3, 5, 0], 4421.008394621728, 0.0007715225219726562, 0]
[[0, 0, 1, 1, 0, 2, 2, 3, 0, 6, 4, 7, 0], 4422.179461216619, 0.000835418701171875, 0]
[[0, 0, 1, 1, 0, 4, 3, 5, 0, 0, 1, 1, 0], 4422.179461216617, 0.0007841587066650391, 0]
[[0, 0, 1, 1, 0, 4, 3, 5, 0, 2, 2, 3, 0], 4416.607454120179, 0.0007724761962890625, 0]
[[0, 0, 1, 1, 0, 4, 3, 5, 0, 4, 3, 5, 0], 186.2043105095876, 0.001329183578491211, 0]
[[0, 0, 1, 1, 0, 4, 3, 5, 0, 6, 4, 7, 0], 188.74210473895903, 0.0012481212615966797, 0]
[[0, 0, 1, 1, 0, 6, 4, 7, 0, 0, 1, 1, 0], 4422.179461216617, 0.0007824897766113281, 0]
[[0, 0, 1, 1, 0, 6, 4, 7, 0, 2, 2, 3, 0], 4422.179461216617, 0.0007827281951904297, 0]
[[0, 0, 1, 1, 0, 6, 4, 7, 0, 4, 3, 5, 0], 188.7420798340087, 0.0012736320495605469, 0]
[[0, 0, 1, 1, 0, 6, 4, 7, 0, 6, 4, 7, 0], 188.74386829138288, 0.001211404800415039, 0]
[[0, 2, 2, 3, 0, 0, 1, 1, 0, 0, 1, 1, 0], 101527.20671052535, 0.00030684471130371094, 0]
[[0, 2, 2, 3, 0, 0, 1, 1, 0, 2, 2, 3, 0], 103606.8982707675, 0.0003323554992675781, 0]
[[0, 2, 2, 3, 0, 0, 1, 1, 0, 4, 3, 5, 0], 4402.359872339618, 0.0008370876312255859, 0]
[[0, 2, 2, 3, 0, 0, 1, 1, 0, 6, 4, 7, 0], 4422.1790391802215, 0.0007321834564208984, 0]
[[0, 2, 2, 3, 0, 2, 2, 3, 0, 0, 1, 1, 0], 101527.20671052535, 0.0003123283386230469, 0]
[[0, 2, 2, 3, 0, 2, 2, 3, 0, 2, 2, 3, 0], 1185.4185359169305, 0.00032901763916015625, 0]
[[0, 2, 2, 3, 0, 2, 2, 3, 0, 4, 3, 5, 0], 1651.2782212392447, 0.0007336139678955078, 0]
[[0, 2, 2, 3, 0, 2, 2, 3, 0, 6, 4, 7, 0], 3608.256536047994, 0.0007653236389160156, 0]
[[0, 2, 2, 3, 0, 4, 3, 5, 0, 0, 1, 1, 0], 4416.607454120179, 0.0007827281951904297, 0]
[[0, 2, 2, 3, 0, 4, 3, 5, 0, 2, 2, 3, 0], 4363.411281917022, 0.0007843971252441406, 0]
[[0, 2, 2, 3, 0, 4, 3, 5, 0, 4, 3, 5, 0], 184.06312918004656, 0.0010945796966552734, 0]
[[0, 2, 2, 3, 0, 4, 3, 5, 0, 6, 4, 7, 0], 188.73108703956342, 0.0011620521545410156, 0]
[[0, 2, 2, 3, 0, 6, 4, 7, 0, 0, 1, 1, 0], 4422.179461216617, 0.0007193088531494141, 0]
[[0, 2, 2, 3, 0, 6, 4, 7, 0, 2, 2, 3, 0], 4418.1213500552, 0.0007388591766357422, 0]
[[0, 2, 2, 3, 0, 6, 4, 7, 0, 4, 3, 5, 0], 188.04582529588492, 0.0012547969818115234, 0]
[[0, 2, 2, 3, 0, 6, 4, 7, 0, 6, 4, 7, 0], 188.7438245902437, 0.001245260238647461, 0]
[[0, 4, 3, 5, 0, 0, 1, 1, 0, 0, 1, 1, 0], 2248.246833408047, 0.0007679462432861328, 0]
[[0, 4, 3, 5, 0, 0, 1, 1, 0, 2, 2, 3, 0], 4402.359872339616, 0.0007250308990478516, 0]
[[0, 4, 3, 5, 0, 0, 1, 1, 0, 4, 3, 5, 0], 148.77251919562013, 0.0013432502746582031, 0]
[[0, 4, 3, 5, 0, 0, 1, 1, 0, 6, 4, 7, 0], 188.73765395806157, 0.0012595653533935547, 0]
[[0, 4, 3, 5, 0, 2, 2, 3, 0, 0, 1, 1, 0], 4421.008394621726, 0.0007805824279785156, 0]
[[0, 4, 3, 5, 0, 2, 2, 3, 0, 2, 2, 3, 0], 1651.278221239244, 0.0008039474487304688, 0]
[[0, 4, 3, 5, 0, 2, 2, 3, 0, 4, 3, 5, 0], 182.06775427360716, 0.001283407211303711, 0]
[[0, 4, 3, 5, 0, 2, 2, 3, 0, 6, 4, 7, 0], 188.3755267392822, 0.0011916160583496094, 0]
[[0, 4, 3, 5, 0, 4, 3, 5, 0, 0, 1, 1, 0], 186.2043105095876, 0.0011279582977294922, 0]
[[0, 4, 3, 5, 0, 4, 3, 5, 0, 2, 2, 3, 0], 184.06312918004656, 0.001161336898803711, 0]
[[0, 4, 3, 5, 0, 4, 3, 5, 0, 4, 3, 5, 0], 7.760235775282707, 0.0015094280242919922, 0]
[[0, 4, 3, 5, 0, 4, 3, 5, 0, 6, 4, 7, 0], 7.9614359295094, 0.001703023910522461, 0]
[[0, 4, 3, 5, 0, 6, 4, 7, 0, 0, 1, 1, 0], 188.7420798340087, 0.0011608600616455078, 0]
[[0, 4, 3, 5, 0, 6, 4, 7, 0, 2, 2, 3, 0], 188.04582529588492, 0.0012042522430419922, 0]
[[0, 4, 3, 5, 0, 6, 4, 7, 0, 4, 3, 5, 0], 8.033594216175635, 0.0015106201171875, 0]
[[0, 4, 3, 5, 0, 6, 4, 7, 0, 6, 4, 7, 0], 8.0557771958023, 0.0015838146209716797, 0]
[[0, 6, 4, 7, 0, 0, 1, 1, 0, 2, 2, 3, 0], 4422.179039180219, 0.0007081031799316406, 0]
[[0, 6, 4, 7, 0, 0, 1, 1, 0, 4, 3, 5, 0], 188.73765395806157, 0.0012137889862060547, 0]
[[0, 6, 4, 7, 0, 0, 1, 1, 0, 6, 4, 7, 0], 188.74386829138288, 0.0011942386627197266, 0]
[[0, 6, 4, 7, 0, 2, 2, 3, 0, 0, 1, 1, 0], 4422.179461216617, 0.0007336139678955078, 0]
[[0, 6, 4, 7, 0, 2, 2, 3, 0, 2, 2, 3, 0], 3608.256536047992, 0.0006959438323974609, 0]
[[0, 6, 4, 7, 0, 2, 2, 3, 0, 4, 3, 5, 0], 188.3755267392822, 0.0011813640594482422, 0]
[[0, 6, 4, 7, 0, 2, 2, 3, 0, 6, 4, 7, 0], 188.74386484541492, 0.0011146068572998047, 0]
[[0, 6, 4, 7, 0, 4, 3, 5, 0, 0, 1, 1, 0], 188.74210473895903, 0.0011992454528808594, 0]
[[0, 6, 4, 7, 0, 4, 3, 5, 0, 2, 2, 3, 0], 188.73108703956342, 0.0011212825775146484, 0]
[[0, 6, 4, 7, 0, 4, 3, 5, 0, 4, 3, 5, 0], 7.9614359295094, 0.0015125274658203125, 0]
[[0, 6, 4, 7, 0, 4, 3, 5, 0, 6, 4, 7, 0], 8.055811725706175, 0.0015549659729003906, 0]
[[0, 6, 4, 7, 0, 6, 4, 7, 0, 0, 1, 1, 0], 188.74386829138288, 0.0011622905731201172, 0]
[[0, 6, 4, 7, 0, 6, 4, 7, 0, 2, 2, 3, 0], 188.7438245902437, 0.0011768341064453125, 0]
[[0, 6, 4, 7, 0, 6, 4, 7, 0, 4, 3, 5, 0], 8.0557771958023, 0.0018107891082763672, 0]
[[0, 6, 4, 7, 0, 6, 4, 7, 0, 6, 4, 7, 0], 8.055812327388914, 0.0015900135040283203, 0]
[[1, 1, 0, 0, 1, 1, 0, 0, 1, 1, 0, 0, 1], 1453.765756806728, 0.0003237724304199219, 0]
[[1, 1, 0, 0, 1, 1, 0, 0, 1, 1, 0, 2, 2], 4.6501903456432725, 0.00032973289489746094, 0]
[[1, 1, 0, 0, 1, 1, 0, 0, 1, 1, 0, 4, 3], 4.534396086919943, 0.0005254745483398438, 0]
[[1, 1, 0, 0, 1, 1, 0, 0, 1, 1, 0, 6, 4], 15.68966761959618, 0.0005216598510742188, 0]
[[1, 1, 0, 0, 1, 1, 0, 2, 2, 3, 0, 0, 1], 181.720719600841, 0.0003018379211425781, 0]
[[1, 1, 0, 0, 1, 1, 0, 2, 2, 3, 0, 2, 2], 4.6501903456432725, 0.0003268718719482422, 0]
[[1, 1, 0, 0, 1, 1, 0, 2, 2, 3, 0, 4, 3], 1.0732126686170516, 0.0006012916564941406, 0]
[[1, 1, 0, 0, 1, 1, 0, 2, 2, 3, 0, 6, 4], 15.465529510744807, 0.0005609989166259766, 0]
[[1, 1, 0, 0, 1, 1, 0, 4, 3, 5, 0, 0, 1], 4257.630412955943, 0.0007092952728271484, 0]
[[1, 1, 0, 0, 1, 1, 0, 4, 3, 5, 0, 2, 2], 89.45776310872631, 0.0007615089416503906, 0]
[[1, 1, 0, 0, 1, 1, 0, 4, 3, 5, 0, 4, 3], 23.88198234929678, 0.0009591579437255859, 0]
[[1, 1, 0, 0, 1, 1, 0, 4, 3, 5, 0, 6, 4], 363.44836626810763, 0.0009057521820068359, 0]
[[1, 1, 0, 0, 1, 1, 0, 6, 4, 7, 0, 0, 1], 4257.630412955943, 0.0007121562957763672, 0]
[[1, 1, 0, 0, 1, 1, 0, 6, 4, 7, 0, 2, 2], 84.72896344190931, 0.0006923675537109375, 0]
[[1, 1, 0, 0, 1, 1, 0, 6, 4, 7, 0, 4, 3], 21.63496688516112, 0.0009043216705322266, 0]
[[1, 1, 0, 0, 1, 1, 0, 6, 4, 7, 0, 6, 4], 362.3500332931216, 0.0009105205535888672, 0]
[[1, 1, 0, 2, 2, 3, 0, 0, 1, 1, 0, 0, 1], 181.720719600841, 0.0003230571746826172, 0]
[[1, 1, 0, 2, 2, 3, 0, 0, 1, 1, 0, 2, 2], 3.616332728374945, 0.0003247261047363281, 0]
[[1, 1, 0, 2, 2, 3, 0, 0, 1, 1, 0, 4, 3], 1.0830182398742783, 0.0005421638488769531, 0]
[[1, 1, 0, 2, 2, 3, 0, 0, 1, 1, 0, 6, 4], 15.465529510744807, 0.0006105899810791016, 0]
[[1, 1, 0, 2, 2, 3, 0, 2, 2, 3, 0, 0, 1], 181.720719600841, 0.00032830238342285156, 0]
[[1, 1, 0, 2, 2, 3, 0, 2, 2, 3, 0, 2, 2], 4.6501903456432725, 0.0003228187561035156, 0]
[[1, 1, 0, 2, 2, 3, 0, 2, 2, 3, 0, 4, 3], 1.0732126686170516, 0.0005636215209960938, 0]
[[1, 1, 0, 2, 2, 3, 0, 2, 2, 3, 0, 6, 4], 15.465529510744807, 0.000499725341796875, 0]
[[1, 1, 0, 2, 2, 3, 0, 4, 3, 5, 0, 0, 1], 4257.630412955943, 0.000720977783203125, 0]
[[1, 1, 0, 2, 2, 3, 0, 4, 3, 5, 0, 2, 2], 84.72896344190931, 0.0006737709045410156, 0]
[[1, 1, 0, 2, 2, 3, 0, 4, 3, 5, 0, 4, 3], 21.665885657751904, 0.0009353160858154297, 0]
[[1, 1, 0, 2, 2, 3, 0, 4, 3, 5, 0, 6, 4], 362.3500332931216, 0.0009183883666992188, 0]
[[1, 1, 0, 2, 2, 3, 0, 6, 4, 7, 0, 0, 1], 4257.630412955943, 0.0007448196411132812, 0]
[[1, 1, 0, 2, 2, 3, 0, 6, 4, 7, 0, 2, 2], 84.72896344190931, 0.0007429122924804688, 0]
[[1, 1, 0, 2, 2, 3, 0, 6, 4, 7, 0, 4, 3], 21.63354745418847, 0.0009045600891113281, 0]
[[1, 1, 0, 2, 2, 3, 0, 6, 4, 7, 0, 6, 4], 362.3500332931216, 0.0009589195251464844, 0]
[[1, 1, 0, 4, 3, 5, 0, 0, 1, 1, 0, 0, 1], 4257.630412955945, 0.0007562637329101562, 0]
[[1, 1, 0, 4, 3, 5, 0, 0, 1, 1, 0, 2, 2], 84.72896344190934, 0.0007686614990234375, 0]
[[1, 1, 0, 4, 3, 5, 0, 0, 1, 1, 0, 4, 3], 21.633547454188474, 0.0010223388671875, 0]
[[1, 1, 0, 4, 3, 5, 0, 0, 1, 1, 0, 6, 4], 362.35003329312167, 0.0009882450103759766, 0]
[[1, 1, 0, 4, 3, 5, 0, 2, 2, 3, 0, 0, 1], 4257.630412955945, 0.0007886886596679688, 0]
[[1, 1, 0, 4, 3, 5, 0, 2, 2, 3, 0, 2, 2], 89.45776310872635, 0.0007283687591552734, 0]
[[1, 1, 0, 4, 3, 5, 0, 2, 2, 3, 0, 4, 3], 21.63532177200864, 0.0009145736694335938, 0]
[[1, 1, 0, 4, 3, 5, 0, 2, 2, 3, 0, 6, 4], 362.35003329312167, 0.0008814334869384766, 0]
[[1, 1, 0, 4, 3, 5, 0, 4, 3, 5, 0, 0, 1], 99754.2645282564, 0.0011169910430908203, 0]
[[1, 1, 0, 4, 3, 5, 0, 4, 3, 5, 0, 2, 2], 1985.15949309963, 0.0011136531829833984, 0]
[[1, 1, 0, 4, 3, 5, 0, 4, 3, 5, 0, 4, 3], 526.9772090561823, 0.0013620853424072266, 0]
[[1, 1, 0, 4, 3, 5, 0, 4, 3, 5, 0, 6, 4], 8489.689702270216, 0.0013914108276367188, 0]
[[1, 1, 0, 4, 3, 5, 0, 6, 4, 7, 0, 0, 1], 99754.2645282564, 0.0011508464813232422, 0]
[[1, 1, 0, 4, 3, 5, 0, 6, 4, 7, 0, 2, 2], 1985.15949309963, 0.0011610984802246094, 0]
[[1, 1, 0, 4, 3, 5, 0, 6, 4, 7, 0, 4, 3], 506.86377306560144, 0.0015387535095214844, 0]
[[1, 1, 0, 4, 3, 5, 0, 6, 4, 7, 0, 6, 4], 8489.689702270216, 0.0019423961639404297, 0]
[[1, 1, 0, 6, 4, 7, 0, 0, 1, 1, 0, 0, 1], 4257.630412955945, 0.0007565021514892578, 0]
[[1, 1, 0, 6, 4, 7, 0, 0, 1, 1, 0, 2, 2], 84.72896344190934, 0.0007278919219970703, 0]
[[1, 1, 0, 6, 4, 7, 0, 0, 1, 1, 0, 4, 3], 21.633547454188474, 0.0009102821350097656, 0]
[[1, 1, 0, 6, 4, 7, 0, 0, 1, 1, 0, 6, 4], 362.35003329312167, 0.00093841552734375, 0]
[[1, 1, 0, 6, 4, 7, 0, 2, 2, 3, 0, 0, 1], 4257.630412955945, 0.0007274150848388672, 0]
[[1, 1, 0, 6, 4, 7, 0, 2, 2, 3, 0, 2, 2], 84.72896344190934, 0.0007257461547851562, 0]
[[1, 1, 0, 6, 4, 7, 0, 2, 2, 3, 0, 4, 3], 21.633547454188474, 0.0009777545928955078, 0]
[[1, 1, 0, 6, 4, 7, 0, 2, 2, 3, 0, 6, 4], 362.35003329312167, 0.0009427070617675781, 0]
[[1, 1, 0, 6, 4, 7, 0, 4, 3, 5, 0, 0, 1], 99754.2645282564, 0.0012459754943847656, 0]
[[1, 1, 0, 6, 4, 7, 0, 4, 3, 5, 0, 2, 2], 1985.15949309963, 0.00110626220703125, 0]
[[1, 1, 0, 6, 4, 7, 0, 4, 3, 5, 0, 4, 3], 506.89702966117034, 0.0013070106506347656, 0]
[[1, 1, 0, 6, 4, 7, 0, 4, 3, 5, 0, 6, 4], 8489.689702270216, 0.0014493465423583984, 0]
[[1, 1, 0, 6, 4, 7, 0, 6, 4, 7, 0, 0, 1], 99754.2645282564, 0.0012226104736328125, 0]
[[1, 1, 0, 6, 4, 7, 0, 6, 4, 7, 0, 2, 2], 1985.15949309963, 0.0011806488037109375, 0]
[[1, 1, 0, 6, 4, 7, 0, 6, 4, 7, 0, 4, 3], 506.86377306560144, 0.001399993896484375, 0]
[[1, 1, 0, 6, 4, 7, 0, 6, 4, 7, 0, 6, 4], 8489.689702270216, 0.0013070106506347656, 0]
[[2, 3, 0, 0, 1, 1, 0, 0, 1, 1, 0, 0, 1], 4.6501903456432725, 0.00030612945556640625, 0]
[[2, 3, 0, 0, 1, 1, 0, 0, 1, 1, 0, 2, 2], 13.666059959782961, 0.0003192424774169922, 0]
[[2, 3, 0, 0, 1, 1, 0, 0, 1, 1, 0, 4, 3], 47.11207503803712, 0.00052642822265625, 0]
[[2, 3, 0, 0, 1, 1, 0, 0, 1, 1, 0, 6, 4], 3.246798727685031, 0.0005409717559814453, 0]
[[2, 3, 0, 0, 1, 1, 0, 2, 2, 3, 0, 0, 1], 3.616332728374945, 0.00032711029052734375, 0]
[[2, 3, 0, 0, 1, 1, 0, 2, 2, 3, 0, 2, 2], 13.666059959782961, 0.0003306865692138672, 0]
[[2, 3, 0, 0, 1, 1, 0, 2, 2, 3, 0, 4, 3], 54.41388604605447, 0.0006017684936523438, 0]
[[2, 3, 0, 0, 1, 1, 0, 2, 2, 3, 0, 6, 4], 3.2491613019191092, 0.0005693435668945312, 0]
[[2, 3, 0, 0, 1, 1, 0, 4, 3, 5, 0, 0, 1], 84.72896344190931, 0.0008025169372558594, 0]
[[2, 3, 0, 0, 1, 1, 0, 4, 3, 5, 0, 2, 2], 1.6932524665323214, 0.0007646083831787109, 0]
[[2, 3, 0, 0, 1, 1, 0, 4, 3, 5, 0, 4, 3], 2.2932761279656697, 0.0009629726409912109, 0]
[[2, 3, 0, 0, 1, 1, 0, 4, 3, 5, 0, 6, 4], 7.21185278990285, 0.0009665489196777344, 0]
[[2, 3, 0, 0, 1, 1, 0, 6, 4, 7, 0, 0, 1], 84.72896344190931, 0.0007297992706298828, 0]
[[2, 3, 0, 0, 1, 1, 0, 6, 4, 7, 0, 2, 2], 1.6861485262071505, 0.0007236003875732422, 0]
[[2, 3, 0, 0, 1, 1, 0, 6, 4, 7, 0, 4, 3], 2.322778291365396, 0.0009069442749023438, 0]
[[2, 3, 0, 0, 1, 1, 0, 6, 4, 7, 0, 6, 4], 7.210945936181524, 0.0009930133819580078, 0]
[[2, 3, 0, 2, 2, 3, 0, 0, 1, 1, 0, 0, 1], 4.6501903456432725, 0.0003414154052734375, 0]
[[2, 3, 0, 2, 2, 3, 0, 0, 1, 1, 0, 2, 2], 13.666059959782961, 0.0003075599670410156, 0]
[[2, 3, 0, 2, 2, 3, 0, 0, 1, 1, 0, 4, 3], 47.11207503803712, 0.0006051063537597656, 0]
[[2, 3, 0, 2, 2, 3, 0, 0, 1, 1, 0, 6, 4], 3.246798727685031, 0.0005702972412109375, 0]
[[2, 3, 0, 2, 2, 3, 0, 2, 2, 3, 0, 0, 1], 4.6501903456432725, 0.0003077983856201172, 0]
[[2, 3, 0, 2, 2, 3, 0, 2, 2, 3, 0, 2, 2], 28.93066182699956, 0.00032258033752441406, 0]
[[2, 3, 0, 2, 2, 3, 0, 2, 2, 3, 0, 4, 3], 1.0337949827116417, 0.0005350112915039062, 0]
[[2, 3, 0, 2, 2, 3, 0, 2, 2, 3, 0, 6, 4], 1.1367350002849401, 0.0005393028259277344, 0]
[[2, 3, 0, 2, 2, 3, 0, 4, 3, 5, 0, 0, 1], 89.45776310872631, 0.0006887912750244141, 0]
[[2, 3, 0, 2, 2, 3, 0, 4, 3, 5, 0, 2, 2], 2.619072918388892, 0.0009484291076660156, 0]
[[2, 3, 0, 2, 2, 3, 0, 4, 3, 5, 0, 4, 3], 1.5169739173333858, 0.0013613700866699219, 0]
[[2, 3, 0, 2, 2, 3, 0, 4, 3, 5, 0, 6, 4], 7.326261150507205, 0.0012841224670410156, 0]
[[2, 3, 0, 2, 2, 3, 0, 6, 4, 7, 0, 0, 1], 84.72896344190931, 0.0010755062103271484, 0]
[[2, 3, 0, 2, 2, 3, 0, 6, 4, 7, 0, 2, 2], 1.9066862574813896, 0.001001596450805664, 0]
[[2, 3, 0, 2, 2, 3, 0, 6, 4, 7, 0, 4, 3], 2.079380136082257, 0.0009429454803466797, 0]
[[2, 3, 0, 2, 2, 3, 0, 6, 4, 7, 0, 6, 4], 7.222120065417285, 0.001013040542602539, 0]
[[2, 3, 0, 4, 3, 5, 0, 0, 1, 1, 0, 0, 1], 89.45776310872635, 0.0007455348968505859, 0]
[[2, 3, 0, 4, 3, 5, 0, 0, 1, 1, 0, 2, 2], 1.693252466532322, 0.0007727146148681641, 0]
[[2, 3, 0, 4, 3, 5, 0, 0, 1, 1, 0, 4, 3], 2.254474929972562, 0.001087188720703125, 0]
[[2, 3, 0, 4, 3, 5, 0, 0, 1, 1, 0, 6, 4], 7.212523219702318, 0.0009372234344482422, 0]
[[2, 3, 0, 4, 3, 5, 0, 2, 2, 3, 0, 0, 1], 84.72896344190934, 0.0007688999176025391, 0]
[[2, 3, 0, 4, 3, 5, 0, 2, 2, 3, 0, 2, 2], 2.6190729183888934, 0.0007638931274414062, 0]
[[2, 3, 0, 4, 3, 5, 0, 2, 2, 3, 0, 4, 3], 2.246602025348211, 0.0010318756103515625, 0]
[[2, 3, 0, 4, 3, 5, 0, 2, 2, 3, 0, 6, 4], 7.212878203591596, 0.0011973381042480469, 0]
[[2, 3, 0, 4, 3, 5, 0, 4, 3, 5, 0, 0, 1], 1985.15949309963, 0.0012273788452148438, 0]
[[2, 3, 0, 4, 3, 5, 0, 4, 3, 5, 0, 2, 2], 39.82504260428931, 0.0012345314025878906, 0]
[[2, 3, 0, 4, 3, 5, 0, 4, 3, 5, 0, 4, 3], 10.65127898752128, 0.0013990402221679688, 0]
[[2, 3, 0, 4, 3, 5, 0, 4, 3, 5, 0, 6, 4], 168.9850797352428, 0.001486063003540039, 0]
[[2, 3, 0, 4, 3, 5, 0, 6, 4, 7, 0, 0, 1], 1985.15949309963, 0.0012416839599609375, 0]
[[2, 3, 0, 4, 3, 5, 0, 6, 4, 7, 0, 2, 2], 39.53599783136246, 0.0012433528900146484, 0]
[[2, 3, 0, 4, 3, 5, 0, 6, 4, 7, 0, 4, 3], 10.094294245165118, 0.00136566162109375, 0]
[[2, 3, 0, 4, 3, 5, 0, 6, 4, 7, 0, 6, 4], 168.95089616781982, 0.0014798641204833984, 0]
[[2, 3, 0, 6, 4, 7, 0, 0, 1, 1, 0, 0, 1], 84.72896344190934, 0.0007808208465576172, 0]
[[2, 3, 0, 6, 4, 7, 0, 0, 1, 1, 0, 2, 2], 1.6861485262071512, 0.0008149147033691406, 0]
[[2, 3, 0, 6, 4, 7, 0, 0, 1, 1, 0, 4, 3], 2.322781324071337, 0.000986337661743164, 0]
[[2, 3, 0, 6, 4, 7, 0, 0, 1, 1, 0, 6, 4], 7.210945936181526, 0.0010099411010742188, 0]
[[2, 3, 0, 6, 4, 7, 0, 2, 2, 3, 0, 0, 1], 84.72896344190934, 0.0007271766662597656, 0]
[[2, 3, 0, 6, 4, 7, 0, 2, 2, 3, 0, 2, 2], 1.9066862574813905, 0.0007524490356445312, 0]
[[2, 3, 0, 6, 4, 7, 0, 2, 2, 3, 0, 4, 3], 2.3157530280517165, 0.0009713172912597656, 0]
[[2, 3, 0, 6, 4, 7, 0, 2, 2, 3, 0, 6, 4], 7.210985359861804, 0.0012145042419433594, 0]
[[2, 3, 0, 6, 4, 7, 0, 4, 3, 5, 0, 0, 1], 1985.15949309963, 0.0011627674102783203, 0]
[[2, 3, 0, 6, 4, 7, 0, 4, 3, 5, 0, 2, 2], 39.53599783136246, 0.0014958381652832031, 0]
[[2, 3, 0, 6, 4, 7, 0, 4, 3, 5, 0, 4, 3], 10.395540742304581, 0.0014235973358154297, 0]
[[2, 3, 0, 6, 4, 7, 0, 4, 3, 5, 0, 6, 4], 168.94904880139734, 0.0014307498931884766, 0]
[[2, 3, 0, 6, 4, 7, 0, 6, 4, 7, 0, 0, 1], 1985.15949309963, 0.0013353824615478516, 0]
[[2, 3, 0, 6, 4, 7, 0, 6, 4, 7, 0, 2, 2], 39.50566155422149, 0.0012333393096923828, 0]
[[2, 3, 0, 6, 4, 7, 0, 6, 4, 7, 0, 4, 3], 10.086861009683783, 0.0015804767608642578, 0]
[[2, 3, 0, 6, 4, 7, 0, 6, 4, 7, 0, 6, 4], 168.94904880139734, 0.0014836788177490234, 0]
[[3, 5, 0, 0, 1, 1, 0, 0, 1, 1, 0, 0, 1], 4.534396086919943, 0.0005681514739990234, 0]
[[3, 5, 0, 0, 1, 1, 0, 0, 1, 1, 0, 2, 2], 47.11207503803712, 0.0005693435668945312, 0]
[[3, 5, 0, 0, 1, 1, 0, 0, 1, 1, 0, 4, 3], 79.60800263301462, 0.0007557868957519531, 0]
[[3, 5, 0, 0, 1, 1, 0, 0, 1, 1, 0, 6, 4], 12.628147387192278, 0.0007829666137695312, 0]
[[3, 5, 0, 0, 1, 1, 0, 2, 2, 3, 0, 0, 1], 1.0830182398742783, 0.000579833984375, 0]
[[3, 5, 0, 0, 1, 1, 0, 2, 2, 3, 0, 2, 2], 47.11207503803712, 0.0005681514739990234, 0]
[[3, 5, 0, 0, 1, 1, 0, 2, 2, 3, 0, 4, 3], 212.43119479623059, 0.0007781982421875, 0]
[[3, 5, 0, 0, 1, 1, 0, 2, 2, 3, 0, 6, 4], 12.725516688843848, 0.0007812976837158203, 0]
[[3, 5, 0, 0, 1, 1, 0, 4, 3, 5, 0, 0, 1], 21.633547454188474, 0.0009953975677490234, 0]
[[3, 5, 0, 0, 1, 1, 0, 4, 3, 5, 0, 2, 2], 2.254474929972562, 0.0009725093841552734, 0]
[[3, 5, 0, 0, 1, 1, 0, 4, 3, 5, 0, 4, 3], 8.50244336305794, 0.0011599063873291016, 0]
[[3, 5, 0, 0, 1, 1, 0, 4, 3, 5, 0, 6, 4], 1.8443521527235132, 0.001177072525024414, 0]
[[3, 5, 0, 0, 1, 1, 0, 6, 4, 7, 0, 0, 1], 21.633547454188474, 0.0010485649108886719, 0]
[[3, 5, 0, 0, 1, 1, 0, 6, 4, 7, 0, 2, 2], 2.322781324071337, 0.0009748935699462891, 0]
[[3, 5, 0, 0, 1, 1, 0, 6, 4, 7, 0, 4, 3], 9.097189083008535, 0.0012063980102539062, 0]
[[3, 5, 0, 0, 1, 1, 0, 6, 4, 7, 0, 6, 4], 1.8411453977827061, 0.0012450218200683594, 0]
[[3, 5, 0, 2, 2, 3, 0, 0, 1, 1, 0, 0, 1], 1.0732126686170516, 0.0005512237548828125, 0]
[[3, 5, 0, 2, 2, 3, 0, 0, 1, 1, 0, 2, 2], 54.41388604605447, 0.0005600452423095703, 0]
[[3, 5, 0, 2, 2, 3, 0, 0, 1, 1, 0, 4, 3], 212.43119479623059, 0.0008549690246582031, 0]
[[3, 5, 0, 2, 2, 3, 0, 0, 1, 1, 0, 6, 4], 12.72549466955356, 0.000751495361328125, 0]
[[3, 5, 0, 2, 2, 3, 0, 2, 2, 3, 0, 0, 1], 1.0732126686170516, 0.0005712509155273438, 0]
[[3, 5, 0, 2, 2, 3, 0, 2, 2, 3, 0, 2, 2], 1.0337949827116417, 0.0005512237548828125, 0]
[[3, 5, 0, 2, 2, 3, 0, 2, 2, 3, 0, 4, 3], 72.82476942608412, 0.0008535385131835938, 0]
[[3, 5, 0, 2, 2, 3, 0, 2, 2, 3, 0, 6, 4], 11.4663912822123, 0.0008556842803955078, 0]
[[3, 5, 0, 2, 2, 3, 0, 4, 3, 5, 0, 0, 1], 21.63532177200864, 0.0009415149688720703, 0]
[[3, 5, 0, 2, 2, 3, 0, 4, 3, 5, 0, 2, 2], 2.246602025348211, 0.0009512901306152344, 0]
[[3, 5, 0, 2, 2, 3, 0, 4, 3, 5, 0, 4, 3], 8.429079018339355, 0.0012192726135253906, 0]
[[3, 5, 0, 2, 2, 3, 0, 4, 3, 5, 0, 6, 4], 1.8433142811218246, 0.00122833251953125, 0]
[[3, 5, 0, 2, 2, 3, 0, 6, 4, 7, 0, 0, 1], 21.633547454188474, 0.0009503364562988281, 0]
[[3, 5, 0, 2, 2, 3, 0, 6, 4, 7, 0, 2, 2], 2.3157530280517165, 0.0009851455688476562, 0]
[[3, 5, 0, 2, 2, 3, 0, 6, 4, 7, 0, 4, 3], 9.060133179759879, 0.001241445541381836, 0]
[[3, 5, 0, 2, 2, 3, 0, 6, 4, 7, 0, 6, 4], 1.8411724773232885, 0.0011796951293945312, 0]
[[3, 5, 0, 4, 3, 5, 0, 0, 1, 1, 0, 0, 1], 23.881982349296784, 0.0010249614715576172, 0]
[[3, 5, 0, 4, 3, 5, 0, 0, 1, 1, 0, 2, 2], 2.2932761279656693, 0.0009577274322509766, 0]
[[3, 5, 0, 4, 3, 5, 0, 0, 1, 1, 0, 4, 3], 8.50244336305794, 0.0011703968048095703, 0]
[[3, 5, 0, 4, 3, 5, 0, 0, 1, 1, 0, 6, 4], 1.8424992878249342, 0.0011746883392333984, 0]
[[3, 5, 0, 4, 3, 5, 0, 2, 2, 3, 0, 0, 1], 21.665885657751907, 0.0010020732879638672, 0]
[[3, 5, 0, 4, 3, 5, 0, 2, 2, 3, 0, 2, 2], 1.5169739173333856, 0.0009443759918212891, 0]
[[3, 5, 0, 4, 3, 5, 0, 2, 2, 3, 0, 4, 3], 8.429079018339355, 0.0011806488037109375, 0]
[[3, 5, 0, 4, 3, 5, 0, 2, 2, 3, 0, 6, 4], 1.8675431799145927, 0.0012083053588867188, 0]
[[3, 5, 0, 4, 3, 5, 0, 4, 3, 5, 0, 0, 1], 526.9772090561825, 0.0016138553619384766, 0]
[[3, 5, 0, 4, 3, 5, 0, 4, 3, 5, 0, 2, 2], 10.65127898752128, 0.0014595985412597656, 0]
[[3, 5, 0, 4, 3, 5, 0, 4, 3, 5, 0, 4, 3], 2.8447011055531433, 0.0017805099487304688, 0]
[[3, 5, 0, 4, 3, 5, 0, 4, 3, 5, 0, 6, 4], 45.098607791818026, 0.0018463134765625, 0]
[[3, 5, 0, 4, 3, 5, 0, 6, 4, 7, 0, 0, 1], 506.8970296611704, 0.0014717578887939453, 0]
[[3, 5, 0, 4, 3, 5, 0, 6, 4, 7, 0, 2, 2], 10.395540742304583, 0.0014483928680419922, 0]
[[3, 5, 0, 4, 3, 5, 0, 6, 4, 7, 0, 4, 3], 2.6317824799916285, 0.0016942024230957031, 0]
[[3, 5, 0, 4, 3, 5, 0, 6, 4, 7, 0, 6, 4], 43.162844324343524, 0.0016226768493652344, 0]
[[3, 5, 0, 6, 4, 7, 0, 0, 1, 1, 0, 0, 1], 21.634966885161123, 0.0009572505950927734, 0]
[[3, 5, 0, 6, 4, 7, 0, 0, 1, 1, 0, 2, 2], 2.3227782913653954, 0.0009722709655761719, 0]
[[3, 5, 0, 6, 4, 7, 0, 0, 1, 1, 0, 4, 3], 9.097189083008535, 0.0012269020080566406, 0]
[[3, 5, 0, 6, 4, 7, 0, 0, 1, 1, 0, 6, 4], 1.8411453977827061, 0.0011944770812988281, 0]
[[3, 5, 0, 6, 4, 7, 0, 2, 2, 3, 0, 0, 1], 21.633547454188474, 0.0009465217590332031, 0]
[[3, 5, 0, 6, 4, 7, 0, 2, 2, 3, 0, 2, 2], 2.0793801360822566, 0.0009348392486572266, 0]
[[3, 5, 0, 6, 4, 7, 0, 2, 2, 3, 0, 4, 3], 9.060133179759879, 0.0012378692626953125, 0]
[[3, 5, 0, 6, 4, 7, 0, 2, 2, 3, 0, 6, 4], 1.8411671675466665, 0.0013117790222167969, 0]
[[3, 5, 0, 6, 4, 7, 0, 4, 3, 5, 0, 0, 1], 506.8637730656015, 0.0014469623565673828, 0]
[[3, 5, 0, 6, 4, 7, 0, 4, 3, 5, 0, 2, 2], 10.09429424516512, 0.001443624496459961, 0]
[[3, 5, 0, 6, 4, 7, 0, 4, 3, 5, 0, 4, 3], 2.6317824799916285, 0.0015978813171386719, 0]
[[3, 5, 0, 6, 4, 7, 0, 4, 3, 5, 0, 6, 4], 43.13720218276695, 0.0016765594482421875, 0]
[[3, 5, 0, 6, 4, 7, 0, 6, 4, 7, 0, 0, 1], 506.8637730656015, 0.001375436782836914, 0]
[[3, 5, 0, 6, 4, 7, 0, 6, 4, 7, 0, 2, 2], 10.086861009683785, 0.0014004707336425781, 0]
[[3, 5, 0, 6, 4, 7, 0, 6, 4, 7, 0, 4, 3], 2.5754430181017494, 0.0015816688537597656, 0]
[[3, 5, 0, 6, 4, 7, 0, 6, 4, 7, 0, 6, 4], 43.13716486205926, 0.0016140937805175781, 0]
[[4, 7, 0, 0, 1, 1, 0, 0, 1, 1, 0, 0, 1], 15.68966761959618, 0.0005805492401123047, 0]
[[4, 7, 0, 0, 1, 1, 0, 0, 1, 1, 0, 2, 2], 3.246798727685031, 0.0005748271942138672, 0]
[[4, 7, 0, 0, 1, 1, 0, 0, 1, 1, 0, 4, 3], 12.628147387192278, 0.0007653236389160156, 0]
[[4, 7, 0, 0, 1, 1, 0, 0, 1, 1, 0, 6, 4], 1.316209860785801, 0.0008158683776855469, 0]
[[4, 7, 0, 0, 1, 1, 0, 2, 2, 3, 0, 0, 1], 15.465529510744807, 0.0005908012390136719, 0]
[[4, 7, 0, 0, 1, 1, 0, 2, 2, 3, 0, 2, 2], 3.246798727685031, 0.0005779266357421875, 0]
[[4, 7, 0, 0, 1, 1, 0, 2, 2, 3, 0, 4, 3], 12.72549466955356, 0.0007588863372802734, 0]
[[4, 7, 0, 0, 1, 1, 0, 2, 2, 3, 0, 6, 4], 1.316209860785801, 0.0007610321044921875, 0]
[[4, 7, 0, 0, 1, 1, 0, 4, 3, 5, 0, 0, 1], 362.35003329312167, 0.0010197162628173828, 0]
[[4, 7, 0, 0, 1, 1, 0, 4, 3, 5, 0, 2, 2], 7.212523219702318, 0.0009248256683349609, 0]
[[4, 7, 0, 0, 1, 1, 0, 4, 3, 5, 0, 4, 3], 1.8424992878249342, 0.0011680126190185547, 0]
[[4, 7, 0, 0, 1, 1, 0, 4, 3, 5, 0, 6, 4], 30.8381737945099, 0.0011866092681884766, 0]
[[4, 7, 0, 0, 1, 1, 0, 6, 4, 7, 0, 0, 1], 362.35003329312167, 0.0010421276092529297, 0]
[[4, 7, 0, 0, 1, 1, 0, 6, 4, 7, 0, 2, 2], 7.210945936181526, 0.000990152359008789, 0]
[[4, 7, 0, 0, 1, 1, 0, 6, 4, 7, 0, 4, 3], 1.8411453977827061, 0.00122833251953125, 0]
[[4, 7, 0, 0, 1, 1, 0, 6, 4, 7, 0, 6, 4], 30.8381737945099, 0.0012018680572509766, 0]
[[4, 7, 0, 2, 2, 3, 0, 0, 1, 1, 0, 0, 1], 15.465529510744807, 0.0005571842193603516, 0]
[[4, 7, 0, 2, 2, 3, 0, 0, 1, 1, 0, 2, 2], 3.2491613019191092, 0.0005750656127929688, 0]
[[4, 7, 0, 2, 2, 3, 0, 0, 1, 1, 0, 4, 3], 12.725516688843848, 0.0007815361022949219, 0]
[[4, 7, 0, 2, 2, 3, 0, 0, 1, 1, 0, 6, 4], 1.316209860785801, 0.0007648468017578125, 0]
[[4, 7, 0, 2, 2, 3, 0, 2, 2, 3, 0, 0, 1], 15.465529510744807, 0.0005469322204589844, 0]
[[4, 7, 0, 2, 2, 3, 0, 2, 2, 3, 0, 2, 2], 1.1367350002849401, 0.000568389892578125, 0]
[[4, 7, 0, 2, 2, 3, 0, 2, 2, 3, 0, 4, 3], 11.4663912822123, 0.000759124755859375, 0]
[[4, 7, 0, 2, 2, 3, 0, 2, 2, 3, 0, 6, 4], 1.3174316788383889, 0.0007390975952148438, 0]
[[4, 7, 0, 2, 2, 3, 0, 4, 3, 5, 0, 0, 1], 362.35003329312167, 0.0009324550628662109, 0]
[[4, 7, 0, 2, 2, 3, 0, 4, 3, 5, 0, 2, 2], 7.212878203591596, 0.0009584426879882812, 0]
[[4, 7, 0, 2, 2, 3, 0, 4, 3, 5, 0, 4, 3], 1.8675431799145927, 0.0011699199676513672, 0]
[[4, 7, 0, 2, 2, 3, 0, 4, 3, 5, 0, 6, 4], 30.8381737945099, 0.0011489391326904297, 0]
[[4, 7, 0, 2, 2, 3, 0, 6, 4, 7, 0, 0, 1], 362.35003329312167, 0.0010788440704345703, 0]
[[4, 7, 0, 2, 2, 3, 0, 6, 4, 7, 0, 2, 2], 7.210985359861804, 0.0011014938354492188, 0]
[[4, 7, 0, 2, 2, 3, 0, 6, 4, 7, 0, 4, 3], 1.8411671675466665, 0.0011970996856689453, 0]
[[4, 7, 0, 2, 2, 3, 0, 6, 4, 7, 0, 6, 4], 30.8381737945099, 0.001348257064819336, 0]
[[4, 7, 0, 4, 3, 5, 0, 0, 1, 1, 0, 0, 1], 363.4483662681077, 0.0010094642639160156, 0]
[[4, 7, 0, 4, 3, 5, 0, 0, 1, 1, 0, 2, 2], 7.211852789902852, 0.0009918212890625, 0]
[[4, 7, 0, 4, 3, 5, 0, 0, 1, 1, 0, 4, 3], 1.8443521527235132, 0.0011250972747802734, 0]
[[4, 7, 0, 4, 3, 5, 0, 0, 1, 1, 0, 6, 4], 30.8381737945099, 0.0013072490692138672, 0]
[[4, 7, 0, 4, 3, 5, 0, 2, 2, 3, 0, 0, 1], 362.35003329312167, 0.0009636878967285156, 0]
[[4, 7, 0, 4, 3, 5, 0, 2, 2, 3, 0, 2, 2], 7.326261150507206, 0.0009710788726806641, 0]
[[4, 7, 0, 4, 3, 5, 0, 2, 2, 3, 0, 4, 3], 1.8433142811218246, 0.0012056827545166016, 0]
[[4, 7, 0, 4, 3, 5, 0, 2, 2, 3, 0, 6, 4], 30.8381737945099, 0.0012085437774658203, 0]
[[4, 7, 0, 4, 3, 5, 0, 4, 3, 5, 0, 0, 1], 8489.689702270218, 0.0014400482177734375, 0]
[[4, 7, 0, 4, 3, 5, 0, 4, 3, 5, 0, 2, 2], 168.98507973524283, 0.0015561580657958984, 0]
[[4, 7, 0, 4, 3, 5, 0, 4, 3, 5, 0, 4, 3], 45.098607791818026, 0.0017499923706054688, 0]
[[4, 7, 0, 4, 3, 5, 0, 4, 3, 5, 0, 6, 4], 722.5238097005574, 0.0016188621520996094, 0]
[[4, 7, 0, 4, 3, 5, 0, 6, 4, 7, 0, 0, 1], 8489.689702270218, 0.0015282630920410156, 0]
[[4, 7, 0, 4, 3, 5, 0, 6, 4, 7, 0, 2, 2], 168.94904880139737, 0.0014891624450683594, 0]
[[4, 7, 0, 4, 3, 5, 0, 6, 4, 7, 0, 4, 3], 43.13720218276695, 0.0017147064208984375, 0]
[[4, 7, 0, 4, 3, 5, 0, 6, 4, 7, 0, 6, 4], 722.5238097005574, 0.0016341209411621094, 0]
[[4, 7, 0, 6, 4, 7, 0, 0, 1, 1, 0, 0, 1], 362.35003329312167, 0.0009698867797851562, 0]
[[4, 7, 0, 6, 4, 7, 0, 0, 1, 1, 0, 2, 2], 7.210945936181526, 0.0009770393371582031, 0]
[[4, 7, 0, 6, 4, 7, 0, 0, 1, 1, 0, 4, 3], 1.8411453977827061, 0.0011944770812988281, 0]
[[4, 7, 0, 6, 4, 7, 0, 0, 1, 1, 0, 6, 4], 30.8381737945099, 0.0012450218200683594, 0]
[[4, 7, 0, 6, 4, 7, 0, 2, 2, 3, 0, 0, 1], 362.35003329312167, 0.0009229183197021484, 0]
[[4, 7, 0, 6, 4, 7, 0, 2, 2, 3, 0, 2, 2], 7.222120065417287, 0.0009517669677734375, 0]
[[4, 7, 0, 6, 4, 7, 0, 2, 2, 3, 0, 4, 3], 1.8411724773232885, 0.0011420249938964844, 0]
[[4, 7, 0, 6, 4, 7, 0, 2, 2, 3, 0, 6, 4], 30.8381737945099, 0.0012650489807128906, 0]
[[4, 7, 0, 6, 4, 7, 0, 4, 3, 5, 0, 0, 1], 8489.689702270218, 0.0014033317565917969, 0]
[[4, 7, 0, 6, 4, 7, 0, 4, 3, 5, 0, 2, 2], 168.95089616781985, 0.001409292221069336, 0]
[[4, 7, 0, 6, 4, 7, 0, 4, 3, 5, 0, 4, 3], 43.162844324343524, 0.0016281604766845703, 0]
[[4, 7, 0, 6, 4, 7, 0, 4, 3, 5, 0, 6, 4], 722.5238097005574, 0.0016126632690429688, 0]
[[4, 7, 0, 6, 4, 7, 0, 6, 4, 7, 0, 0, 1], 8489.689702270218, 0.0014796257019042969, 0]
[[4, 7, 0, 6, 4, 7, 0, 6, 4, 7, 0, 2, 2], 168.94904880139737, 0.001416921615600586, 0]
[[4, 7, 0, 6, 4, 7, 0, 6, 4, 7, 0, 4, 3], 43.13716486205926, 0.001590728759765625, 0]
[[4, 7, 0, 6, 4, 7, 0, 6, 4, 7, 0, 6, 4], 722.5238097005574, 0.0016951560974121094, 0]
