[[0, 0, 1, 1, 0, 0, 1, 1, 0, 0, 1, 1, 0], 8.0, 0.01592111587524414, 0]
[[0, 0, 1, 1, 0, 0, 1, 1, 0, 2, 2, 3, 0], 4.7479980380872342425, 0.018805265426635742, 0]
[[0, 0, 1, 1, 0, 0, 1, 1, 0, 4, 3, 5, 0], 8.188809928640683917, 0.02014899253845215, 0]
[[0, 0, 1, 1, 0, 0, 1, 1, 0, 6, 4, 7, 0], 1.1503244532253298081, 0.026166915893554688, 0]
[[0, 0, 1, 1, 0, 2, 2, 3, 0, 0, 1, 1, 0], 1.3100284986120107122, 0.016873836517333984, 0]
[[0, 0, 1, 1, 0, 2, 2, 3, 0, 2, 2, 3, 0], 5.2989515992241199116, 0.020954132080078125, 0]
[[0, 0, 1, 1, 0, 2, 2, 3, 0, 4, 3, 5, 0], 7.258938137455987876, 0.020386695861816406, 0]
[[0, 0, 1, 1, 0, 2, 2, 3, 0, 6, 4, 7, 0], 1.1500999285173427724, 0.021773815155029297, 0]
[[0, 0, 1, 1, 0, 4, 3, 5, 0, 0, 1, 1, 0], 1.3100284986120107122, 0.020830154418945312, 0]
[[0, 0, 1, 1, 0, 4, 3, 5, 0, 2, 2, 3, 0], 4.9552122154503068967, 0.02083301544189453, 0]
[[0, 0, 1, 1, 0, 4, 3, 5, 0, 4, 3, 5, 0], 257.85822384792033266, 0.02516794204711914, 0]
[[0, 0, 1, 1, 0, 4, 3, 5, 0, 6, 4, 7, 0], 1.1501106747232274246, 0.03163933753967285, 0]
[[0, 0, 1, 1, 0, 6, 4, 7, 0, 0, 1, 1, 0], 1.3100284986120107122, 0.03304457664489746, 0]
[[0, 0, 1, 1, 0, 6, 4, 7, 0, 2, 2, 3, 0], 4.6261957008293718083, 0.03012251853942871, 0]
[[0, 0, 1, 1, 0, 6, 4, 7, 0, 4, 3, 5, 0], 98.63677837094704413, 0.030483007431030273, 0]
[[0, 0, 1, 1, 0, 6, 4, 7, 0, 6, 4, 7, 0], 1.1500999285173427724, 0.03284168243408203, 0]
[[0, 2, 2, 3, 0, 0, 1, 1, 0, 0, 1, 1, 0], 1.3368977133453859678, 0.023079633712768555, 0]
[[0, 2, 2, 3, 0, 0, 1, 1, 0, 2, 2, 3, 0], 4.652691918391897681, 0.02508234977722168, 0]
[[0, 2, 2, 3, 0, 0, 1, 1, 0, 4, 3, 5, 0], 4.1819538895766441566, 0.024055004119873047, 0]
[[0, 2, 2, 3, 0, 0, 1, 1, 0, 6, 4, 7, 0], 1.1501000382786224325, 0.023772478103637695, 0]
[[0, 2, 2, 3, 0, 2, 2, 3, 0, 0, 1, 1, 0], 1.3368977133453859678, 0.018088817596435547, 0]
[[0, 2, 2, 3, 0, 2, 2, 3, 0, 2, 2, 3, 0], 429.62549705086117524, 0.02410602569580078, 0]
[[0, 2, 2, 3, 0, 2, 2, 3, 0, 4, 3, 5, 0], 15.183268462564330304, 0.020650863647460938, 0]
[[0, 2, 2, 3, 0, 2, 2, 3, 0, 6, 4, 7, 0], 1.4095306781614170166, 0.02014613151550293, 0]
[[0, 2, 2, 3, 0, 4, 3, 5, 0, 0, 1, 1, 0], 1.3116812350543205974, 0.0201873779296875, 0]
[[0, 2, 2, 3, 0, 4, 3, 5, 0, 2, 2, 3, 0], 4.7010372351279876768, 0.024190187454223633, 0]
[[0, 2, 2, 3, 0, 4, 3, 5, 0, 4, 3, 5, 0], 107.2633483892752566, 0.02566385269165039, 0]
[[0, 2, 2, 3, 0, 4, 3, 5, 0, 6, 4, 7, 0], 1.1501778156160422775, 0.024912118911743164, 0]
[[0, 2, 2, 3, 0, 6, 4, 7, 0, 0, 1, 1, 0], 1.3100284986120107122, 0.01953887939453125, 0]
[[0, 2, 2, 3, 0, 6, 4, 7, 0, 2, 2, 3, 0], 4.628829667966869713, 0.020065784454345703, 0]
[[0, 2, 2, 3, 0, 6, 4, 7, 0, 4, 3, 5, 0], 98.22050035003035711, 0.04188895225524902, 0]
[[0, 2, 2, 3, 0, 6, 4, 7, 0, 6, 4, 7, 0], 1.150100194807787929, 0.03126668930053711, 0]
[[0, 4, 3, 5, 0, 0, 1, 1, 0, 0, 1, 1, 0], 2.5767549337048421623, 0.02406144142150879, 0]
[[0, 4, 3, 5, 0, 0, 1, 1, 0, 2, 2, 3, 0], 4.6735179580201218486, 0.022474288940429688, 0]
[[0, 4, 3, 5, 0, 0, 1, 1, 0, 4, 3, 5, 0], 5.281758653990269554, 0.08484792709350586, 0]
[[0, 4, 3, 5, 0, 0, 1, 1, 0, 6, 4, 7, 0], 1.1501377964475555821, 0.04375863075256348, 0]
[[0, 4, 3, 5, 0, 2, 2, 3, 0, 0, 1, 1, 0], 1.3103755078180879065, 0.03003215789794922, 0]
[[0, 4, 3, 5, 0, 2, 2, 3, 0, 2, 2, 3, 0], 13.74059616466811306, 0.0578312873840332, 0]
[[0, 4, 3, 5, 0, 2, 2, 3, 0, 4, 3, 5, 0], 7.1571662698331224893, 0.025510549545288086, 0]
[[0, 4, 3, 5, 0, 2, 2, 3, 0, 6, 4, 7, 0], 1.1523487853623578824, 0.03203773498535156, 0]
[[0, 4, 3, 5, 0, 4, 3, 5, 0, 0, 1, 1, 0], 1.3278953947054415799, 0.02981424331665039, 0]
[[0, 4, 3, 5, 0, 4, 3, 5, 0, 2, 2, 3, 0], 5.4724968130261161343, 0.04195547103881836, 0]
[[0, 4, 3, 5, 0, 4, 3, 5, 0, 4, 3, 5, 0], 4.6806305558386115994e+170, 0.03592634201049805, 0]
[[0, 4, 3, 5, 0, 4, 3, 5, 0, 6, 4, 7, 0], 1.1637334350124006161, 0.05706620216369629, 0]
[[0, 4, 3, 5, 0, 6, 4, 7, 0, 0, 1, 1, 0], 1.3100409120077450918, 0.03306102752685547, 0]
[[0, 4, 3, 5, 0, 6, 4, 7, 0, 2, 2, 3, 0], 4.643368554838151475, 0.027954816818237305, 0]
[[0, 4, 3, 5, 0, 6, 4, 7, 0, 4, 3, 5, 0], 98.90863596841823426, 0.03605318069458008, 0]
[[0, 4, 3, 5, 0, 6, 4, 7, 0, 6, 4, 7, 0], 1.1501049441519949108, 0.028522014617919922, 0]
[[0, 6, 4, 7, 0, 0, 1, 1, 0, 2, 2, 3, 0], 4.652572349232711333, 0.02008819580078125, 0]
[[0, 6, 4, 7, 0, 0, 1, 1, 0, 4, 3, 5, 0], 4.1633480350031500596, 0.045006513595581055, 0]
[[0, 6, 4, 7, 0, 0, 1, 1, 0, 6, 4, 7, 0], 1.1500999285173427724, 0.03004622459411621, 0]
[[0, 6, 4, 7, 0, 2, 2, 3, 0, 0, 1, 1, 0], 1.3100284986120107122, 0.023977994918823242, 0]
[[0, 6, 4, 7, 0, 2, 2, 3, 0, 2, 2, 3, 0], 6.356962797338589616, 0.02016472816467285, 0]
[[0, 6, 4, 7, 0, 2, 2, 3, 0, 4, 3, 5, 0], 7.239526372087686473, 0.033083438873291016, 0]
[[0, 6, 4, 7, 0, 2, 2, 3, 0, 6, 4, 7, 0], 1.1500999495151511738, 0.02411818504333496, 0]
[[0, 6, 4, 7, 0, 4, 3, 5, 0, 0, 1, 1, 0], 1.3100407391448651008, 0.0381169319152832, 0]
[[0, 6, 4, 7, 0, 4, 3, 5, 0, 2, 2, 3, 0], 5.834200569059566129, 0.03602099418640137, 0]
[[0, 6, 4, 7, 0, 4, 3, 5, 0, 4, 3, 5, 0], 5.686897194795182629e+364, 0.029050350189208984, 0]
[[0, 6, 4, 7, 0, 4, 3, 5, 0, 6, 4, 7, 0], 1.1501000144174728981, 0.02848219871520996, 0]
[[0, 6, 4, 7, 0, 6, 4, 7, 0, 0, 1, 1, 0], 1.3100284986120107122, 0.03179669380187988, 0]
[[0, 6, 4, 7, 0, 6, 4, 7, 0, 2, 2, 3, 0], 4.6261967719638723935, 0.029178142547607422, 0]
[[0, 6, 4, 7, 0, 6, 4, 7, 0, 4, 3, 5, 0], 98.63627388549816476, 0.04983043670654297, 0]
[[0, 6, 4, 7, 0, 6, 4, 7, 0, 6, 4, 7, 0], 1.1500999285173427724, 0.051090240478515625, 0]
[[1, 1, 0, 0, 1, 1, 0, 0, 1, 1, 0, 0, 1], 7.9999999999999999983, 0.033010005950927734, 0]
[[1, 1, 0, 0, 1, 1, 0, 0, 1, 1, 0, 2, 2], 1.3038784486205517654, 0.017964601516723633, 0]
[[1, 1, 0, 0, 1, 1, 0, 0, 1, 1, 0, 4, 3], 5.451389448248086971, 0.01833319664001465, 0]
[[1, 1, 0, 0, 1, 1, 0, 0, 1, 1, 0, 6, 4], 1.0144927536231884058, 0.01829814910888672, 0]
[[1, 1, 0, 0, 1, 1, 0, 2, 2, 3, 0, 0, 1], 1.0, 0.020818710327148438, 0]
[[1, 1, 0, 0, 1, 1, 0, 2, 2, 3, 0, 2, 2], 1.4598160735705717646, 0.016483783721923828, 0]
[[1, 1, 0, 0, 1, 1, 0, 2, 2, 3, 0, 4, 3], 2.082908501059322034, 0.021277904510498047, 0]
[[1, 1, 0, 0, 1, 1, 0, 2, 2, 3, 0, 6, 4], 1.0, 0.0313715934753418, 0]
[[1, 1, 0, 0, 1, 1, 0, 4, 3, 5, 0, 0, 1], 1.0, 0.020465612411499023, 0]
[[1, 1, 0, 0, 1, 1, 0, 4, 3, 5, 0, 2, 2], 1.1841759684832567301, 0.020645856857299805, 0]
[[1, 1, 0, 0, 1, 1, 0, 4, 3, 5, 0, 4, 3], 116.75552256101977258, 0.037071943283081055, 0]
[[1, 1, 0, 0, 1, 1, 0, 4, 3, 5, 0, 6, 4], 1.003031138054560485, 0.0299680233001709, 0]
[[1, 1, 0, 0, 1, 1, 0, 6, 4, 7, 0, 0, 1], 1.0, 0.019576072692871094, 0]
[[1, 1, 0, 0, 1, 1, 0, 6, 4, 7, 0, 2, 2], 1.0062189054726368159, 0.01994800567626953, 0]
[[1, 1, 0, 0, 1, 1, 0, 6, 4, 7, 0, 4, 3], 29.29637162915819172, 0.021811723709106445, 0]
[[1, 1, 0, 0, 1, 1, 0, 6, 4, 7, 0, 6, 4], 1.0, 0.02697920799255371, 0]
[[1, 1, 0, 2, 2, 3, 0, 0, 1, 1, 0, 0, 1], 1.0000000000000000002, 0.01665019989013672, 0]
[[1, 1, 0, 2, 2, 3, 0, 0, 1, 1, 0, 2, 2], 1.0139925373134328249, 0.016809463500976562, 0]
[[1, 1, 0, 2, 2, 3, 0, 0, 1, 1, 0, 4, 3], 1.1100741372523290865, 0.023953676223754883, 0]
[[1, 1, 0, 2, 2, 3, 0, 0, 1, 1, 0, 6, 4], 1.0, 0.019287586212158203, 0]
[[1, 1, 0, 2, 2, 3, 0, 2, 2, 3, 0, 0, 1], 1.0, 0.01679825782775879, 0]
[[1, 1, 0, 2, 2, 3, 0, 2, 2, 3, 0, 2, 2], 1.4898040783686525343, 0.026937007904052734, 0]
[[1, 1, 0, 2, 2, 3, 0, 2, 2, 3, 0, 4, 3], 2.2680415783898305072, 0.01953125, 0]
[[1, 1, 0, 2, 2, 3, 0, 2, 2, 3, 0, 6, 4], 1.0, 0.018134355545043945, 0]
[[1, 1, 0, 2, 2, 3, 0, 4, 3, 5, 0, 0, 1], 1.0, 0.02598714828491211, 0]
[[1, 1, 0, 2, 2, 3, 0, 4, 3, 5, 0, 2, 2], 1.2366293532338308424, 0.02105259895324707, 0]
[[1, 1, 0, 2, 2, 3, 0, 4, 3, 5, 0, 4, 3], 182.41130476206120538, 0.02741527557373047, 0]
[[1, 1, 0, 2, 2, 3, 0, 4, 3, 5, 0, 6, 4], 1.0, 0.0299532413482666, 0]
[[1, 1, 0, 2, 2, 3, 0, 6, 4, 7, 0, 0, 1], 1.0, 0.020129919052124023, 0]
[[1, 1, 0, 2, 2, 3, 0, 6, 4, 7, 0, 2, 2], 1.0062189054726368159, 0.020330429077148438, 0]
[[1, 1, 0, 2, 2, 3, 0, 6, 4, 7, 0, 4, 3], 29.294449547303503477, 0.02238750457763672, 0]
[[1, 1, 0, 2, 2, 3, 0, 6, 4, 7, 0, 6, 4], 1.0, 0.04496264457702637, 0]
[[1, 1, 0, 4, 3, 5, 0, 0, 1, 1, 0, 0, 1], 1.0000000000000000002, 0.02605152130126953, 0]
[[1, 1, 0, 4, 3, 5, 0, 0, 1, 1, 0, 2, 2], 1.0139925373134328249, 0.02198934555053711, 0]
[[1, 1, 0, 4, 3, 5, 0, 0, 1, 1, 0, 4, 3], 1.1100741372523290865, 0.029873371124267578, 0]
[[1, 1, 0, 4, 3, 5, 0, 0, 1, 1, 0, 6, 4], 1.0, 0.04196906089782715, 0]
[[1, 1, 0, 4, 3, 5, 0, 2, 2, 3, 0, 0, 1], 1.0, 0.02158975601196289, 0]
[[1, 1, 0, 4, 3, 5, 0, 2, 2, 3, 0, 2, 2], 1.2084701247537754401, 0.03904461860656738, 0]
[[1, 1, 0, 4, 3, 5, 0, 2, 2, 3, 0, 4, 3], 2.1376080573462592064, 0.02763986587524414, 0]
[[1, 1, 0, 4, 3, 5, 0, 2, 2, 3, 0, 6, 4], 1.0, 0.029044151306152344, 0]
[[1, 1, 0, 4, 3, 5, 0, 4, 3, 5, 0, 0, 1], nan, 0.04761838912963867, 0]
[[1, 1, 0, 4, 3, 5, 0, 4, 3, 5, 0, 2, 2], 10.2754975124378109454, 0.02530670166015625, 0]
[[1, 1, 0, 4, 3, 5, 0, 4, 3, 5, 0, 4, 3], 6415.125373032519909, 0.027094602584838867, 0]
[[1, 1, 0, 4, 3, 5, 0, 4, 3, 5, 0, 6, 4], 1.0000000000000000001, 0.03698921203613281, 0]
[[1, 1, 0, 4, 3, 5, 0, 6, 4, 7, 0, 0, 1], 1.0, 0.031015396118164062, 0]
[[1, 1, 0, 4, 3, 5, 0, 6, 4, 7, 0, 2, 2], 1.0062189054726368159, 0.029576539993286133, 0]
[[1, 1, 0, 4, 3, 5, 0, 6, 4, 7, 0, 4, 3], 29.294449547303503477, 0.03560137748718262, 0]
[[1, 1, 0, 4, 3, 5, 0, 6, 4, 7, 0, 6, 4], 1.0, 0.027390241622924805, 0]
[[1, 1, 0, 6, 4, 7, 0, 0, 1, 1, 0, 0, 1], 1.0000000000000000002, 0.021613121032714844, 0]
[[1, 1, 0, 6, 4, 7, 0, 0, 1, 1, 0, 2, 2], 1.0139925373134328249, 0.019870996475219727, 0]
[[1, 1, 0, 6, 4, 7, 0, 0, 1, 1, 0, 4, 3], 1.1100741372523290865, 0.022030115127563477, 0]
[[1, 1, 0, 6, 4, 7, 0, 0, 1, 1, 0, 6, 4], 1.0, 0.02181077003479004, 0]
[[1, 1, 0, 6, 4, 7, 0, 2, 2, 3, 0, 0, 1], 1.0, 0.02012920379638672, 0]
[[1, 1, 0, 6, 4, 7, 0, 2, 2, 3, 0, 2, 2], 1.1352611940298507411, 0.024206876754760742, 0]
[[1, 1, 0, 6, 4, 7, 0, 2, 2, 3, 0, 4, 3], 2.0640499934391812098, 0.022792816162109375, 0]
[[1, 1, 0, 6, 4, 7, 0, 2, 2, 3, 0, 6, 4], 1.0, 0.02687525749206543, 0]
[[1, 1, 0, 6, 4, 7, 0, 4, 3, 5, 0, 0, 1], nan, 0.042162418365478516, 0]
[[1, 1, 0, 6, 4, 7, 0, 4, 3, 5, 0, 2, 2], 4.663557213930348259, 0.02697896957397461, 0]
[[1, 1, 0, 6, 4, 7, 0, 4, 3, 5, 0, 4, 3], 2452.6312085821140345, 0.03472089767456055, 0]
[[1, 1, 0, 6, 4, 7, 0, 4, 3, 5, 0, 6, 4], 1.6118923627609575346e+416, 0.042081594467163086, 0]
[[1, 1, 0, 6, 4, 7, 0, 6, 4, 7, 0, 0, 1], 1.0, 0.03000950813293457, 0]
[[1, 1, 0, 6, 4, 7, 0, 6, 4, 7, 0, 2, 2], 1.0062189054726368159, 0.03005194664001465, 0]
[[1, 1, 0, 6, 4, 7, 0, 6, 4, 7, 0, 4, 3], 29.294449547303503477, 0.03267264366149902, 0]
[[1, 1, 0, 6, 4, 7, 0, 6, 4, 7, 0, 6, 4], 1.0, 0.037071943283081055, 0]
[[2, 3, 0, 0, 1, 1, 0, 0, 1, 1, 0, 0, 1], 1.0811675329868052776, 0.019000768661499023, 0]
[[2, 3, 0, 0, 1, 1, 0, 0, 1, 1, 0, 2, 2], 1.1563247993830528916, 0.019793987274169922, 0]
[[2, 3, 0, 0, 1, 1, 0, 0, 1, 1, 0, 4, 3], 1.0598121827104932026, 0.022240638732910156, 0]
[[2, 3, 0, 0, 1, 1, 0, 0, 1, 1, 0, 6, 4], 1.1884842967683204376, 0.018468141555786133, 0]
[[2, 3, 0, 0, 1, 1, 0, 2, 2, 3, 0, 0, 1], 1.1893491124260355031, 0.017980337142944336, 0]
[[2, 3, 0, 0, 1, 1, 0, 2, 2, 3, 0, 2, 2], 1.0282856514369266247, 0.025063037872314453, 0]
[[2, 3, 0, 0, 1, 1, 0, 2, 2, 3, 0, 4, 3], 1.7508464992863681263, 0.021918773651123047, 0]
[[2, 3, 0, 0, 1, 1, 0, 2, 2, 3, 0, 6, 4], 1.189349112426035503, 0.01860952377319336, 0]
[[2, 3, 0, 0, 1, 1, 0, 4, 3, 5, 0, 0, 1], 1.1893491124260355031, 0.026950836181640625, 0]
[[2, 3, 0, 0, 1, 1, 0, 4, 3, 5, 0, 2, 2], 1.0517558020221297074, 0.02175164222717285, 0]
[[2, 3, 0, 0, 1, 1, 0, 4, 3, 5, 0, 4, 3], 92.78720188208783209, 0.029996156692504883, 0]
[[2, 3, 0, 0, 1, 1, 0, 4, 3, 5, 0, 6, 4], 1.1891995578386110931, 0.022322654724121094, 0]
[[2, 3, 0, 0, 1, 1, 0, 6, 4, 7, 0, 0, 1], 1.1893491124260355026, 0.02707362174987793, 0]
[[2, 3, 0, 0, 1, 1, 0, 6, 4, 7, 0, 2, 2], 1.1824740608490773122, 0.02693653106689453, 0]
[[2, 3, 0, 0, 1, 1, 0, 6, 4, 7, 0, 4, 3], 24.625634294913432984, 0.022378206253051758, 0]
[[2, 3, 0, 0, 1, 1, 0, 6, 4, 7, 0, 6, 4], 1.1893491124260355024, 0.022422075271606445, 0]
[[2, 3, 0, 2, 2, 3, 0, 0, 1, 1, 0, 0, 1], 1.0811675329868052778, 0.020280122756958008, 0]
[[2, 3, 0, 2, 2, 3, 0, 0, 1, 1, 0, 2, 2], 1.1458211677516563423, 0.017100095748901367, 0]
[[2, 3, 0, 2, 2, 3, 0, 0, 1, 1, 0, 4, 3], 1.1306633254805908464, 0.022876739501953125, 0]
[[2, 3, 0, 2, 2, 3, 0, 0, 1, 1, 0, 6, 4], 1.1884842967683204384, 0.03905010223388672, 0]
[[2, 3, 0, 2, 2, 3, 0, 2, 2, 3, 0, 0, 1], 1.2858856457417033186, 0.03304171562194824, 0]
[[2, 3, 0, 2, 2, 3, 0, 2, 2, 3, 0, 2, 2], 455.69402985074626722, 0.01696038246154785, 0]
[[2, 3, 0, 2, 2, 3, 0, 2, 2, 3, 0, 4, 3], 107.955478804749385395, 0.019464969635009766, 0]
[[2, 3, 0, 2, 2, 3, 0, 2, 2, 3, 0, 6, 4], 3.6934353734628354502, 0.021914958953857422, 0]
[[2, 3, 0, 2, 2, 3, 0, 4, 3, 5, 0, 0, 1], 1.0558108995403808273, 0.029699325561523438, 0]
[[2, 3, 0, 2, 2, 3, 0, 4, 3, 5, 0, 2, 2], 1.7134755863129565551, 0.021366357803344727, 0]
[[2, 3, 0, 2, 2, 3, 0, 4, 3, 5, 0, 4, 3], 143.52289137598153557, 0.033429861068725586, 0]
[[2, 3, 0, 2, 2, 3, 0, 4, 3, 5, 0, 6, 4], 1.0159916903200004442, 0.029229164123535156, 0]
[[2, 3, 0, 2, 2, 3, 0, 6, 4, 7, 0, 0, 1], 1.0, 0.03806281089782715, 0]
[[2, 3, 0, 2, 2, 3, 0, 6, 4, 7, 0, 2, 2], 1.1374272279444693238, 0.0242764949798584, 0]
[[2, 3, 0, 2, 2, 3, 0, 6, 4, 7, 0, 4, 3], 32.717383132180439996, 0.02171945571899414, 0]
[[2, 3, 0, 2, 2, 3, 0, 6, 4, 7, 0, 6, 4], 1.0015496065751504434, 0.03301668167114258, 0]
[[2, 3, 0, 4, 3, 5, 0, 0, 1, 1, 0, 0, 1], 1.1264792899408284024, 0.020703554153442383, 0]
[[2, 3, 0, 4, 3, 5, 0, 0, 1, 1, 0, 2, 2], 1.1601531241213746778, 0.02069711685180664, 0]
[[2, 3, 0, 4, 3, 5, 0, 0, 1, 1, 0, 4, 3], 1.0084552163088618934, 0.0420382022857666, 0]
[[2, 3, 0, 4, 3, 5, 0, 0, 1, 1, 0, 6, 4], 1.1890890174913843567, 0.023932456970214844, 0]
[[2, 3, 0, 4, 3, 5, 0, 2, 2, 3, 0, 0, 1], 1.0000000000000000001, 0.023972749710083008, 0]
[[2, 3, 0, 4, 3, 5, 0, 2, 2, 3, 0, 2, 2], 1.7587370242214532817, 0.021367311477661133, 0]
[[2, 3, 0, 4, 3, 5, 0, 2, 2, 3, 0, 4, 3], 2.1096925078421215132, 0.027029752731323242, 0]
[[2, 3, 0, 4, 3, 5, 0, 2, 2, 3, 0, 6, 4], 1.0002679630976534089, 0.03107905387878418, 0]
[[2, 3, 0, 4, 3, 5, 0, 4, 3, 5, 0, 0, 1], nan, 0.040843963623046875, 0]
[[2, 3, 0, 4, 3, 5, 0, 4, 3, 5, 0, 2, 2], 3.2209559098734935247, 0.037756919860839844, 0]
[[2, 3, 0, 4, 3, 5, 0, 4, 3, 5, 0, 4, 3], 1562.3158696194660862, 0.030138731002807617, 0]
[[2, 3, 0, 4, 3, 5, 0, 4, 3, 5, 0, 6, 4], 1.0002132650885050117, 0.039525747299194336, 0]
[[2, 3, 0, 4, 3, 5, 0, 6, 4, 7, 0, 0, 1], 1.0, 0.02806258201599121, 0]
[[2, 3, 0, 4, 3, 5, 0, 6, 4, 7, 0, 2, 2], 1.006638593014614813, 0.025496244430541992, 0]
[[2, 3, 0, 4, 3, 5, 0, 6, 4, 7, 0, 4, 3], 29.310612860866667973, 0.02680492401123047, 0]
[[2, 3, 0, 4, 3, 5, 0, 6, 4, 7, 0, 6, 4], 1.0000109344588536314, 0.03498697280883789, 0]
[[2, 3, 0, 6, 4, 7, 0, 0, 1, 1, 0, 0, 1], 1.1893491124260355031, 0.02237248420715332, 0]
[[2, 3, 0, 6, 4, 7, 0, 0, 1, 1, 0, 2, 2], 1.165040984492938577, 0.025132417678833008, 0]
[[2, 3, 0, 6, 4, 7, 0, 0, 1, 1, 0, 4, 3], 1.021659784219180978, 0.022604942321777344, 0]
[[2, 3, 0, 6, 4, 7, 0, 0, 1, 1, 0, 6, 4], 1.1893491124260355044, 0.034476518630981445, 0]
[[2, 3, 0, 6, 4, 7, 0, 2, 2, 3, 0, 0, 1], 1.0, 0.021254539489746094, 0]
[[2, 3, 0, 6, 4, 7, 0, 2, 2, 3, 0, 2, 2], 1.2819357366771159829, 0.022113561630249023, 0]
[[2, 3, 0, 6, 4, 7, 0, 2, 2, 3, 0, 4, 3], 2.0576805968624646867, 0.02302098274230957, 0]
[[2, 3, 0, 6, 4, 7, 0, 2, 2, 3, 0, 6, 4], 1.0000054671995363814, 0.03415489196777344, 0]
[[2, 3, 0, 6, 4, 7, 0, 4, 3, 5, 0, 0, 1], nan, 0.04646039009094238, 0]
[[2, 3, 0, 6, 4, 7, 0, 4, 3, 5, 0, 2, 2], 3.8465506564280406243, 0.057083845138549805, 0]
[[2, 3, 0, 6, 4, 7, 0, 4, 3, 5, 0, 4, 3], 1967.4901287262006563, 0.027200937271118164, 0]
[[2, 3, 0, 6, 4, 7, 0, 4, 3, 5, 0, 6, 4], -1, 0.02696537971496582, 0]
[[2, 3, 0, 6, 4, 7, 0, 6, 4, 7, 0, 0, 1], 1.0, 0.033048152923583984, 0]
[[2, 3, 0, 6, 4, 7, 0, 6, 4, 7, 0, 2, 2], 1.0058661914309051756, 0.024974584579467773, 0]
[[2, 3, 0, 6, 4, 7, 0, 6, 4, 7, 0, 4, 3], 29.289029114424820703, 0.02854323387145996, 0]
[[2, 3, 0, 6, 4, 7, 0, 6, 4, 7, 0, 6, 4], 1.0000000000000000001, 0.03132820129394531, 0]
[[3, 5, 0, 0, 1, 1, 0, 0, 1, 1, 0, 0, 1], 3.4693515908175594034, 0.02242898941040039, 0]
[[3, 5, 0, 0, 1, 1, 0, 0, 1, 1, 0, 2, 2], 1.2113585301563942493, 0.0359647274017334, 0]
[[3, 5, 0, 0, 1, 1, 0, 0, 1, 1, 0, 4, 3], 2.0636407384700888377, 0.02039623260498047, 0]
[[3, 5, 0, 0, 1, 1, 0, 0, 1, 1, 0, 6, 4], 1.4046597162124650982, 0.020139455795288086, 0]
[[3, 5, 0, 0, 1, 1, 0, 2, 2, 3, 0, 0, 1], 1.4154903417533432393, 0.02839183807373047, 0]
[[3, 5, 0, 0, 1, 1, 0, 2, 2, 3, 0, 2, 2], 1.078148698754793364, 0.03408622741699219, 0]
[[3, 5, 0, 0, 1, 1, 0, 2, 2, 3, 0, 4, 3], 1.470277934578070926, 0.02363276481628418, 0]
[[3, 5, 0, 0, 1, 1, 0, 2, 2, 3, 0, 6, 4], 1.4154903417533432393, 0.020398855209350586, 0]
[[3, 5, 0, 0, 1, 1, 0, 4, 3, 5, 0, 0, 1], 1.4154903417533432393, 0.023023128509521484, 0]
[[3, 5, 0, 0, 1, 1, 0, 4, 3, 5, 0, 2, 2], 1.2262710057565948871, 0.02634572982788086, 0]
[[3, 5, 0, 0, 1, 1, 0, 4, 3, 5, 0, 4, 3], 79.483743749000472886, 0.026241779327392578, 0]
[[3, 5, 0, 0, 1, 1, 0, 4, 3, 5, 0, 6, 4], 1.4130292441585160753, 0.025046348571777344, 0]
[[3, 5, 0, 0, 1, 1, 0, 6, 4, 7, 0, 0, 1], 1.4154903417533432393, 0.03698277473449707, 0]
[[3, 5, 0, 0, 1, 1, 0, 6, 4, 7, 0, 2, 2], 1.4072821581337919478, 0.026779890060424805, 0]
[[3, 5, 0, 0, 1, 1, 0, 6, 4, 7, 0, 4, 3], 20.691287640280199336, 0.029845237731933594, 0]
[[3, 5, 0, 0, 1, 1, 0, 6, 4, 7, 0, 6, 4], 1.4154903417533432389, 0.024335622787475586, 0]
[[3, 5, 0, 2, 2, 3, 0, 0, 1, 1, 0, 0, 1], 1.4026745913818722141, 0.01909637451171875, 0]
[[3, 5, 0, 2, 2, 3, 0, 0, 1, 1, 0, 2, 2], 1.3715625906702343802, 0.023094654083251953, 0]
[[3, 5, 0, 2, 2, 3, 0, 0, 1, 1, 0, 4, 3], 1.1278867536329297506, 0.027383089065551758, 0]
[[3, 5, 0, 2, 2, 3, 0, 0, 1, 1, 0, 6, 4], 1.4154878924938360303, 0.020841121673583984, 0]
[[3, 5, 0, 2, 2, 3, 0, 2, 2, 3, 0, 0, 1], 1.0091366525423728814, 0.018854618072509766, 0]
[[3, 5, 0, 2, 2, 3, 0, 2, 2, 3, 0, 2, 2], 59.45739471106758068, 0.027070283889770508, 0]
[[3, 5, 0, 2, 2, 3, 0, 2, 2, 3, 0, 4, 3], 5.9074030353205249275, 0.02202296257019043, 0]
[[3, 5, 0, 2, 2, 3, 0, 2, 2, 3, 0, 6, 4], 1.1098100854612223945, 0.02986431121826172, 0]
[[3, 5, 0, 2, 2, 3, 0, 4, 3, 5, 0, 0, 1], 1.000082016961107557, 0.025743961334228516, 0]
[[3, 5, 0, 2, 2, 3, 0, 4, 3, 5, 0, 2, 2], 1.1160438247616990615, 0.02328205108642578, 0]
[[3, 5, 0, 2, 2, 3, 0, 4, 3, 5, 0, 4, 3], 84.234013777313037255, 0.02530074119567871, 0]
[[3, 5, 0, 2, 2, 3, 0, 4, 3, 5, 0, 6, 4], 1.0011780076368387241, 0.024906158447265625, 0]
[[3, 5, 0, 2, 2, 3, 0, 6, 4, 7, 0, 0, 1], 1.0000000000000000001, 0.022750377655029297, 0]
[[3, 5, 0, 2, 2, 3, 0, 6, 4, 7, 0, 2, 2], 1.008887260621823389, 0.022969961166381836, 0]
[[3, 5, 0, 2, 2, 3, 0, 6, 4, 7, 0, 4, 3], 29.408144926582615572, 0.029328107833862305, 0]
[[3, 5, 0, 2, 2, 3, 0, 6, 4, 7, 0, 6, 4], 1.0000147079859172477, 0.027255535125732422, 0]
[[3, 5, 0, 4, 3, 5, 0, 0, 1, 1, 0, 0, 1], 1.2822251114413075781, 0.02298903465270996, 0]
[[3, 5, 0, 4, 3, 5, 0, 0, 1, 1, 0, 2, 2], 1.3543339028767314734, 0.02348947525024414, 0]
[[3, 5, 0, 4, 3, 5, 0, 0, 1, 1, 0, 4, 3], 1.0576804173769580035, 0.024879932403564453, 0]
[[3, 5, 0, 4, 3, 5, 0, 0, 1, 1, 0, 6, 4], 1.414450222882615156, 0.02535867691040039, 0]
[[3, 5, 0, 4, 3, 5, 0, 2, 2, 3, 0, 0, 1], 1.0014948174187295694, 0.027782917022705078, 0]
[[3, 5, 0, 4, 3, 5, 0, 2, 2, 3, 0, 2, 2], 1.7403058447565721787, 0.02378678321838379, 0]
[[3, 5, 0, 4, 3, 5, 0, 2, 2, 3, 0, 4, 3], 2.2387726167285665144, 0.025710344314575195, 0]
[[3, 5, 0, 4, 3, 5, 0, 2, 2, 3, 0, 6, 4], 1.0143376955256643111, 0.028263568878173828, 0]
[[3, 5, 0, 4, 3, 5, 0, 4, 3, 5, 0, 0, 1], nan, 0.06855130195617676, 0]
[[3, 5, 0, 4, 3, 5, 0, 4, 3, 5, 0, 2, 2], 5.569522474814668775, 0.029755592346191406, 0]
[[3, 5, 0, 4, 3, 5, 0, 4, 3, 5, 0, 4, 3], 3155.5451288818617468, 0.18209195137023926, 0]
[[3, 5, 0, 4, 3, 5, 0, 4, 3, 5, 0, 6, 4], 9.840538739559520936e+735, 0.03436160087585449, 0]
[[3, 5, 0, 4, 3, 5, 0, 6, 4, 7, 0, 0, 1], 1.0000656124926185945, 0.03534817695617676, 0]
[[3, 5, 0, 4, 3, 5, 0, 6, 4, 7, 0, 2, 2], 1.0366172990843908964, 0.027733802795410156, 0]
[[3, 5, 0, 4, 3, 5, 0, 6, 4, 7, 0, 4, 3], 29.928757787445678747, 0.02939581871032715, 0]
[[3, 5, 0, 4, 3, 5, 0, 6, 4, 7, 0, 6, 4], 1.0005952978682391996, 0.029587268829345703, 0]
[[3, 5, 0, 6, 4, 7, 0, 0, 1, 1, 0, 0, 1], 1.4153974739970282319, 0.022534847259521484, 0]
[[3, 5, 0, 6, 4, 7, 0, 0, 1, 1, 0, 2, 2], 1.37175691601204997, 0.023482084274291992, 0]
[[3, 5, 0, 6, 4, 7, 0, 0, 1, 1, 0, 4, 3], 1.1316651385270750379, 0.03205752372741699, 0]
[[3, 5, 0, 6, 4, 7, 0, 0, 1, 1, 0, 6, 4], 1.4154903417533432393, 0.025453567504882812, 0]
[[3, 5, 0, 6, 4, 7, 0, 2, 2, 3, 0, 0, 1], 1.0000000000000000001, 0.023292064666748047, 0]
[[3, 5, 0, 6, 4, 7, 0, 2, 2, 3, 0, 2, 2], 1.2680661137377684755, 0.027500629425048828, 0]
[[3, 5, 0, 6, 4, 7, 0, 2, 2, 3, 0, 4, 3], 2.071932088943185115, 0.028177499771118164, 0]
[[3, 5, 0, 6, 4, 7, 0, 2, 2, 3, 0, 6, 4], 1.000011824033010393, 0.02687835693359375, 0]
[[3, 5, 0, 6, 4, 7, 0, 4, 3, 5, 0, 0, 1], nan, 0.04578137397766113, 0]
[[3, 5, 0, 6, 4, 7, 0, 4, 3, 5, 0, 2, 2], 4.6081316269133528016, 0.029960155487060547, 0]
[[3, 5, 0, 6, 4, 7, 0, 4, 3, 5, 0, 4, 3], 2466.0669185765808973, 0.029580116271972656, 0]
[[3, 5, 0, 6, 4, 7, 0, 4, 3, 5, 0, 6, 4], 3.0731835333794744109e+327, 0.050952911376953125, 0]
[[3, 5, 0, 6, 4, 7, 0, 6, 4, 7, 0, 0, 1], 1.0000000000000000001, 0.026972532272338867, 0]
[[3, 5, 0, 6, 4, 7, 0, 6, 4, 7, 0, 2, 2], 1.0058365288826740345, 0.03300046920776367, 0]
[[3, 5, 0, 6, 4, 7, 0, 6, 4, 7, 0, 4, 3], 29.28806269900410159, 0.02908158302307129, 0]
[[3, 5, 0, 6, 4, 7, 0, 6, 4, 7, 0, 6, 4], 1.0, 0.029214143753051758, 0]
[[4, 7, 0, 0, 1, 1, 0, 0, 1, 1, 0, 0, 1], 1.0147058823529411765, 0.03181004524230957, 0]
[[4, 7, 0, 0, 1, 1, 0, 0, 1, 1, 0, 2, 2], 1.0169022860926120768, 0.028058290481567383, 0]
[[4, 7, 0, 0, 1, 1, 0, 0, 1, 1, 0, 4, 3], 1.0679821088089210566, 0.02009415626525879, 0]
[[4, 7, 0, 0, 1, 1, 0, 0, 1, 1, 0, 6, 4], 1.029411764705882353, 0.020329713821411133, 0]
[[4, 7, 0, 0, 1, 1, 0, 2, 2, 3, 0, 0, 1], 1.029411764705882353, 0.019878149032592773, 0]
[[4, 7, 0, 0, 1, 1, 0, 2, 2, 3, 0, 2, 2], 1.1048381360893328999, 0.018968820571899414, 0]
[[4, 7, 0, 0, 1, 1, 0, 2, 2, 3, 0, 4, 3], 2.0145961888353992977, 0.020495176315307617, 0]
[[4, 7, 0, 0, 1, 1, 0, 2, 2, 3, 0, 6, 4], 1.029411764705882353, 0.020598649978637695, 0]
[[4, 7, 0, 0, 1, 1, 0, 4, 3, 5, 0, 0, 1], 1.029411764705882353, 0.027072429656982422, 0]
[[4, 7, 0, 0, 1, 1, 0, 4, 3, 5, 0, 2, 2], 1.0885383059003663797, 0.022638559341430664, 0]
[[4, 7, 0, 0, 1, 1, 0, 4, 3, 5, 0, 4, 3], 102.17758867442403435, 0.031762123107910156, 0]
[[4, 7, 0, 0, 1, 1, 0, 4, 3, 5, 0, 6, 4], 1.0294117647058823521, 0.024538040161132812, 0]
[[4, 7, 0, 0, 1, 1, 0, 6, 4, 7, 0, 0, 1], 1.029411764705882353, 0.042047977447509766, 0]
[[4, 7, 0, 0, 1, 1, 0, 6, 4, 7, 0, 2, 2], 1.0234502207375824772, 0.02689337730407715, 0]
[[4, 7, 0, 0, 1, 1, 0, 6, 4, 7, 0, 4, 3], 28.450491196246346483, 0.027327775955200195, 0]
[[4, 7, 0, 0, 1, 1, 0, 6, 4, 7, 0, 6, 4], 1.0294117647058823527, 0.024092435836791992, 0]
[[4, 7, 0, 2, 2, 3, 0, 0, 1, 1, 0, 0, 1], 1.0270880361173814901, 0.02806997299194336, 0]
[[4, 7, 0, 2, 2, 3, 0, 0, 1, 1, 0, 2, 2], 1.0140203236482778236, 0.019433975219726562, 0]
[[4, 7, 0, 2, 2, 3, 0, 0, 1, 1, 0, 4, 3], 1.0723302153823082834, 0.03602766990661621, 0]
[[4, 7, 0, 2, 2, 3, 0, 0, 1, 1, 0, 6, 4], 1.0270880361173814899, 0.025950193405151367, 0]
[[4, 7, 0, 2, 2, 3, 0, 2, 2, 3, 0, 0, 1], 1.0, 0.01944255828857422, 0]
[[4, 7, 0, 2, 2, 3, 0, 2, 2, 3, 0, 2, 2], 4.230155685237162521, 0.019913673400878906, 0]
[[4, 7, 0, 2, 2, 3, 0, 2, 2, 3, 0, 4, 3], 2.3784986067983631044, 0.020795583724975586, 0]
[[4, 7, 0, 2, 2, 3, 0, 2, 2, 3, 0, 6, 4], 1.000928285138251633, 0.021947145462036133, 0]
[[4, 7, 0, 2, 2, 3, 0, 4, 3, 5, 0, 0, 1], 1.0, 0.023945331573486328, 0]
[[4, 7, 0, 2, 2, 3, 0, 4, 3, 5, 0, 2, 2], 1.1713213861895100651, 0.023175477981567383, 0]
[[4, 7, 0, 2, 2, 3, 0, 4, 3, 5, 0, 4, 3], 140.69126448973407076, 0.02530074119567871, 0]
[[4, 7, 0, 2, 2, 3, 0, 4, 3, 5, 0, 6, 4], 1.0, 0.02472209930419922, 0]
[[4, 7, 0, 2, 2, 3, 0, 6, 4, 7, 0, 0, 1], 1.0, 0.022876501083374023, 0]
[[4, 7, 0, 2, 2, 3, 0, 6, 4, 7, 0, 2, 2], 1.0058335019053190384, 0.023978710174560547, 0]
[[4, 7, 0, 2, 2, 3, 0, 6, 4, 7, 0, 4, 3], 29.288293861250452046, 0.028296470642089844, 0]
[[4, 7, 0, 2, 2, 3, 0, 6, 4, 7, 0, 6, 4], 1.0000000000000000022, 0.025398969650268555, 0]
[[4, 7, 0, 4, 3, 5, 0, 0, 1, 1, 0, 0, 1], 1.0263009049773755658, 0.024105072021484375, 0]
[[4, 7, 0, 4, 3, 5, 0, 0, 1, 1, 0, 2, 2], 1.0160727579808215907, 0.02698969841003418, 0]
[[4, 7, 0, 4, 3, 5, 0, 0, 1, 1, 0, 4, 3], 1.0726425281797681139, 0.024794340133666992, 0]
[[4, 7, 0, 4, 3, 5, 0, 0, 1, 1, 0, 6, 4], 1.029411764705882353, 0.028525590896606445, 0]
[[4, 7, 0, 4, 3, 5, 0, 2, 2, 3, 0, 0, 1], 1.0000000000000000001, 0.023994922637939453, 0]
[[4, 7, 0, 4, 3, 5, 0, 2, 2, 3, 0, 2, 2], 1.1705484055523770867, 0.02695178985595703, 0]
[[4, 7, 0, 4, 3, 5, 0, 2, 2, 3, 0, 4, 3], 2.1992911743263629713, 0.025400161743164062, 0]
[[4, 7, 0, 4, 3, 5, 0, 2, 2, 3, 0, 6, 4], 1.0000000000000000003, 0.02503180503845215, 0]
[[4, 7, 0, 4, 3, 5, 0, 4, 3, 5, 0, 0, 1], -1, 0.028583765029907227, 0]
[[4, 7, 0, 4, 3, 5, 0, 4, 3, 5, 0, 2, 2], -1, 0.05306243896484375, 0]
[[4, 7, 0, 4, 3, 5, 0, 4, 3, 5, 0, 4, 3], -1, 0.03592562675476074, 0]
[[4, 7, 0, 4, 3, 5, 0, 4, 3, 5, 0, 6, 4], -1, 0.02905726432800293, 0]
[[4, 7, 0, 4, 3, 5, 0, 6, 4, 7, 0, 0, 1], 1.0, 0.048013925552368164, 0]
[[4, 7, 0, 4, 3, 5, 0, 6, 4, 7, 0, 2, 2], 1.005828002842928216, 0.027287006378173828, 0]
[[4, 7, 0, 4, 3, 5, 0, 6, 4, 7, 0, 4, 3], 29.287972898459777958, 0.03031158447265625, 0]
[[4, 7, 0, 4, 3, 5, 0, 6, 4, 7, 0, 6, 4], 1.0000000000000000022, 0.028837919235229492, 0]
[[4, 7, 0, 6, 4, 7, 0, 0, 1, 1, 0, 0, 1], 1.0294117647058823532, 0.0223236083984375, 0]
[[4, 7, 0, 6, 4, 7, 0, 0, 1, 1, 0, 2, 2], 1.0162005400180006078, 0.027169227600097656, 0]
[[4, 7, 0, 6, 4, 7, 0, 0, 1, 1, 0, 4, 3], 1.0707775363332376848, 0.024228811264038086, 0]
[[4, 7, 0, 6, 4, 7, 0, 0, 1, 1, 0, 6, 4], 1.029411764705882353, 0.026091814041137695, 0]
[[4, 7, 0, 6, 4, 7, 0, 2, 2, 3, 0, 0, 1], 1.0, 0.022435903549194336, 0]
[[4, 7, 0, 6, 4, 7, 0, 2, 2, 3, 0, 2, 2], 1.1370717363807104074, 0.023020029067993164, 0]
[[4, 7, 0, 6, 4, 7, 0, 2, 2, 3, 0, 4, 3], 2.0644835593556633245, 0.030060768127441406, 0]
[[4, 7, 0, 6, 4, 7, 0, 2, 2, 3, 0, 6, 4], 1.0, 0.02421402931213379, 0]
[[4, 7, 0, 6, 4, 7, 0, 4, 3, 5, 0, 0, 1], nan, 0.044161081314086914, 0]
[[4, 7, 0, 6, 4, 7, 0, 4, 3, 5, 0, 2, 2], 4.663163995013886763, 0.02882838249206543, 0]
[[4, 7, 0, 6, 4, 7, 0, 4, 3, 5, 0, 4, 3], 2453.3948080099449083, 0.029265642166137695, 0]
[[4, 7, 0, 6, 4, 7, 0, 4, 3, 5, 0, 6, 4], 1.1339665415464873042e+416, 0.047040462493896484, 0]
[[4, 7, 0, 6, 4, 7, 0, 6, 4, 7, 0, 0, 1], 1.0, 0.03606748580932617, 0]
[[4, 7, 0, 6, 4, 7, 0, 6, 4, 7, 0, 2, 2], 1.005828002842928216, 0.02692866325378418, 0]
[[4, 7, 0, 6, 4, 7, 0, 6, 4, 7, 0, 4, 3], 29.287947559591700774, 0.048032283782958984, 0]
[[4, 7, 0, 6, 4, 7, 0, 6, 4, 7, 0, 6, 4], 1.0000000000000000022, 0.0283203125, 0]
