[[0, 0, 1, 1, 0, 0, 1, 1, 0, 0, 1, 1, 0], 1.0505272367588327, 0.02919602394104004, 0.028961271]
[[0, 0, 1, 1, 0, 0, 1, 1, 0, 2, 2, 3, 0], 1.0735304171364561, 0.054442644119262695, 0.054135784]
[[0, 0, 1, 1, 0, 0, 1, 1, 0, 4, 3, 5, 0], 1.0281368035458345, 0.1162872314453125, 0.115628348]
[[0, 0, 1, 1, 0, 0, 1, 1, 0, 6, 4, 7, 0], 1.0735324063881029, 0.08396673202514648, 0.083290121]
[[0, 0, 1, 1, 0, 2, 2, 3, 0, 0, 1, 1, 0], 1.0735050500646612, 0.1840059757232666, 0.183696766]
[[0, 0, 1, 1, 0, 2, 2, 3, 0, 2, 2, 3, 0], 1.073530417136456, 0.10893464088439941, 0.108598952]
[[0, 0, 1, 1, 0, 2, 2, 3, 0, 4, 3, 5, 0], 1.0734997953202736, 0.06735086441040039, 0.066684204]
[[0, 0, 1, 1, 0, 2, 2, 3, 0, 6, 4, 7, 0], 1.073505050064661, 0.09775233268737793, 0.096956969]
[[0, 0, 1, 1, 0, 4, 3, 5, 0, 0, 1, 1, 0], 1.073505050064661, 0.08743405342102051, 0.08673832]
[[0, 0, 1, 1, 0, 4, 3, 5, 0, 2, 2, 3, 0], 1.0735453182626375, 0.06915092468261719, 0.068437403]
[[0, 0, 1, 1, 0, 4, 3, 5, 0, 4, 3, 5, 0], 1.073391548980509, 0.1032567024230957, 0.102134888]
[[0, 0, 1, 1, 0, 4, 3, 5, 0, 6, 4, 7, 0], 1.0735028149334116, 0.10074019432067871, 0.09865205]
[[0, 0, 1, 1, 0, 6, 4, 7, 0, 0, 1, 1, 0], 1.0735050500646615, 0.14766883850097656, 0.147040677]
[[0, 0, 1, 1, 0, 6, 4, 7, 0, 2, 2, 3, 0], 1.0735050500646612, 0.3298211097717285, 0.329026919]
[[0, 0, 1, 1, 0, 6, 4, 7, 0, 4, 3, 5, 0], 1.073507105964052, 0.22109699249267578, 0.219970306]
[[0, 0, 1, 1, 0, 6, 4, 7, 0, 6, 4, 7, 0], 1.073505050064661, 0.10686993598937988, 0.105800315]
[[0, 2, 2, 3, 0, 0, 1, 1, 0, 0, 1, 1, 0], 1.0390518912713924, 0.20329642295837402, 0.203002435]
[[0, 2, 2, 3, 0, 0, 1, 1, 0, 2, 2, 3, 0], 1.0735022305221606, 0.11712265014648438, 0.116738963]
[[0, 2, 2, 3, 0, 0, 1, 1, 0, 4, 3, 5, 0], 1.0657629121377303, 0.18577218055725098, 0.185087838]
[[0, 2, 2, 3, 0, 0, 1, 1, 0, 6, 4, 7, 0], 1.073505152516009, 0.0628511905670166, 0.06213894]
[[0, 2, 2, 3, 0, 2, 2, 3, 0, 0, 1, 1, 0], 1.0390518912713933, 0.12749361991882324, 0.1271544]
[[0, 2, 2, 3, 0, 2, 2, 3, 0, 2, 2, 3, 0], 1.0259446662686966, 0.16288232803344727, 0.162585669]
[[0, 2, 2, 3, 0, 2, 2, 3, 0, 4, 3, 5, 0], 1.0980121005547503, 0.06541681289672852, 0.064730166]
[[0, 2, 2, 3, 0, 2, 2, 3, 0, 6, 4, 7, 0], 1.0725739992886911, 0.06096601486206055, 0.060298034]
[[0, 2, 2, 3, 0, 4, 3, 5, 0, 0, 1, 1, 0], 1.0748593877138997, 0.0677342414855957, 0.067085396]
[[0, 2, 2, 3, 0, 4, 3, 5, 0, 2, 2, 3, 0], 1.0524639692138291, 0.06531763076782227, 0.064638043]
[[0, 2, 2, 3, 0, 4, 3, 5, 0, 4, 3, 5, 0], 1.063391778539813, 0.10330390930175781, 0.102318599]
[[0, 2, 2, 3, 0, 4, 3, 5, 0, 6, 4, 7, 0], 1.0735621476201007, 0.1006157398223877, 0.099551695]
[[0, 2, 2, 3, 0, 6, 4, 7, 0, 0, 1, 1, 0], 1.0735050500646612, 0.06132769584655762, 0.060658313]
[[0, 2, 2, 3, 0, 6, 4, 7, 0, 2, 2, 3, 0], 1.0731863741504044, 0.06660580635070801, 0.065963517]
[[0, 2, 2, 3, 0, 6, 4, 7, 0, 4, 3, 5, 0], 1.0713723751888653, 0.18434762954711914, 0.183274499]
[[0, 2, 2, 3, 0, 6, 4, 7, 0, 6, 4, 7, 0], 1.0735052986205742, 0.09711599349975586, 0.095997757]
[[0, 4, 3, 5, 0, 0, 1, 1, 0, 0, 1, 1, 0], 1.0342888053198116, 0.08427548408508301, 0.08356569]
[[0, 4, 3, 5, 0, 0, 1, 1, 0, 2, 2, 3, 0], 1.0728719122928843, 0.06937503814697266, 0.068668831]
[[0, 4, 3, 5, 0, 0, 1, 1, 0, 4, 3, 5, 0], 1.0415336015930992, 0.263824462890625, 0.262763831]
[[0, 4, 3, 5, 0, 0, 1, 1, 0, 6, 4, 7, 0], 1.0735126127234587, 0.12721991539001465, 0.126139762]
[[0, 4, 3, 5, 0, 2, 2, 3, 0, 0, 1, 1, 0], 1.0737894073405048, 0.12620306015014648, 0.125530539]
[[0, 4, 3, 5, 0, 2, 2, 3, 0, 2, 2, 3, 0], 1.0601102775291744, 0.06648373603820801, 0.065725095]
[[0, 4, 3, 5, 0, 2, 2, 3, 0, 4, 3, 5, 0], 1.0651036974872718, 0.12134003639221191, 0.120217164]
[[0, 4, 3, 5, 0, 2, 2, 3, 0, 6, 4, 7, 0], 1.075277823863627, 0.11548042297363281, 0.114342815]
[[0, 4, 3, 5, 0, 4, 3, 5, 0, 0, 1, 1, 0], 1.0693217588353034, 0.10872983932495117, 0.107642727]
[[0, 4, 3, 5, 0, 4, 3, 5, 0, 2, 2, 3, 0], 1.0773904267072616, 0.10905671119689941, 0.108017216]
[[0, 4, 3, 5, 0, 4, 3, 5, 0, 4, 3, 5, 0], 1.0775178635186466, 0.14443373680114746, 0.143075008]
[[0, 4, 3, 5, 0, 4, 3, 5, 0, 6, 4, 7, 0], 1.086194379445207, 0.16674399375915527, 0.165274679]
[[0, 4, 3, 5, 0, 6, 4, 7, 0, 0, 1, 1, 0], 1.0735152222426128, 0.10979700088500977, 0.108793427]
[[0, 4, 3, 5, 0, 6, 4, 7, 0, 2, 2, 3, 0], 1.0757919582608693, 0.10519909858703613, 0.104135076]
[[0, 4, 3, 5, 0, 6, 4, 7, 0, 4, 3, 5, 0], 1.073920071802587, 0.1480412483215332, 0.146612563]
[[0, 4, 3, 5, 0, 6, 4, 7, 0, 6, 4, 7, 0], 1.073509731665794, 0.1254432201385498, 0.124096682]
[[0, 6, 4, 7, 0, 0, 1, 1, 0, 2, 2, 3, 0], 1.073505152516009, 0.05886435508728027, 0.058242886]
[[0, 6, 4, 7, 0, 0, 1, 1, 0, 4, 3, 5, 0], 1.073540396049224, 0.2656691074371338, 0.264622162]
[[0, 6, 4, 7, 0, 0, 1, 1, 0, 6, 4, 7, 0], 1.073505050064661, 0.11224222183227539, 0.111163057]
[[0, 6, 4, 7, 0, 2, 2, 3, 0, 0, 1, 1, 0], 1.0735050500646612, 0.07288932800292969, 0.07221952]
[[0, 6, 4, 7, 0, 2, 2, 3, 0, 2, 2, 3, 0], 1.0965562827747373, 0.06370306015014648, 0.063033357]
[[0, 6, 4, 7, 0, 2, 2, 3, 0, 4, 3, 5, 0], 1.073777388127083, 0.13041114807128906, 0.129442252]
[[0, 6, 4, 7, 0, 2, 2, 3, 0, 6, 4, 7, 0], 1.073505069664048, 0.12321591377258301, 0.122165345]
[[0, 6, 4, 7, 0, 4, 3, 5, 0, 0, 1, 1, 0], 1.0735150805898357, 0.3524935245513916, 0.351480799]
[[0, 6, 4, 7, 0, 4, 3, 5, 0, 2, 2, 3, 0], 1.0735219552204085, 0.15112924575805664, 0.150059153]
[[0, 6, 4, 7, 0, 4, 3, 5, 0, 4, 3, 5, 0], 1.0735631362656761, 0.13199567794799805, 0.130627625]
[[0, 6, 4, 7, 0, 4, 3, 5, 0, 6, 4, 7, 0], 1.0735051302439753, 0.12467503547668457, 0.123247697]
[[0, 6, 4, 7, 0, 6, 4, 7, 0, 0, 1, 1, 0], 1.0735050500646612, 0.09049701690673828, 0.089389311]
[[0, 6, 4, 7, 0, 6, 4, 7, 0, 2, 2, 3, 0], 1.073505298620574, 0.11449575424194336, 0.113389101]
[[0, 6, 4, 7, 0, 6, 4, 7, 0, 4, 3, 5, 0], 1.0735097316657942, 0.33238697052001953, 0.33082222]
[[0, 6, 4, 7, 0, 6, 4, 7, 0, 6, 4, 7, 0], 1.073505050064661, 0.19568967819213867, 0.194182518]
[[1, 1, 0, 0, 1, 1, 0, 0, 1, 1, 0, 0, 1], 1.0, 0.19906306266784668, 0.198751907]
[[1, 1, 0, 0, 1, 1, 0, 0, 1, 1, 0, 2, 2], 1.0591658369972754, 0.1383059024810791, 0.137971039]
[[1, 1, 0, 0, 1, 1, 0, 0, 1, 1, 0, 4, 3], 1.0304941705291506, 0.044435739517211914, 0.043981302]
[[1, 1, 0, 0, 1, 1, 0, 0, 1, 1, 0, 6, 4], 1.04328145204657, 0.05498480796813965, 0.054517583]
[[1, 1, 0, 0, 1, 1, 0, 2, 2, 3, 0, 0, 1], 1.0422495430561058, 0.0330042839050293, 0.032744894]
[[1, 1, 0, 0, 1, 1, 0, 2, 2, 3, 0, 2, 2], 1.0591658369972758, 0.03117203712463379, 0.030897099]
[[1, 1, 0, 0, 1, 1, 0, 2, 2, 3, 0, 4, 3], 1.044262117770077, 0.05123090744018555, 0.050765581]
[[1, 1, 0, 0, 1, 1, 0, 2, 2, 3, 0, 6, 4], 1.0422495430561058, 0.34322690963745117, 0.342669918]
[[1, 1, 0, 0, 1, 1, 0, 4, 3, 5, 0, 0, 1], 1.0422495430561058, 0.0665903091430664, 0.06588182]
[[1, 1, 0, 0, 1, 1, 0, 4, 3, 5, 0, 2, 2], 1.0458779247929113, 0.066070556640625, 0.065393698]
[[1, 1, 0, 0, 1, 1, 0, 4, 3, 5, 0, 4, 3], 1.045774456371089, 0.18214988708496094, 0.181264197]
[[1, 1, 0, 0, 1, 1, 0, 4, 3, 5, 0, 6, 4], 1.042446232726611, 0.08852791786193848, 0.087706227]
[[1, 1, 0, 0, 1, 1, 0, 6, 4, 7, 0, 0, 1], 1.0422495430561058, 0.0620570182800293, 0.061405014]
[[1, 1, 0, 0, 1, 1, 0, 6, 4, 7, 0, 2, 2], 1.0422495430561065, 0.0640268325805664, 0.063419909]
[[1, 1, 0, 0, 1, 1, 0, 6, 4, 7, 0, 4, 3], 1.042272973675903, 0.07508492469787598, 0.074283887]
[[1, 1, 0, 0, 1, 1, 0, 6, 4, 7, 0, 6, 4], 1.0422495430561072, 0.07965636253356934, 0.078870938]
[[1, 1, 0, 2, 2, 3, 0, 0, 1, 1, 0, 0, 1], 1.0422495430561058, 0.02874755859375, 0.028478286]
[[1, 1, 0, 2, 2, 3, 0, 0, 1, 1, 0, 2, 2], 1.0422495430561063, 0.030734777450561523, 0.030462063]
[[1, 1, 0, 2, 2, 3, 0, 0, 1, 1, 0, 4, 3], 1.0422495430561056, 0.05686354637145996, 0.056381448]
[[1, 1, 0, 2, 2, 3, 0, 0, 1, 1, 0, 6, 4], 1.0422495430561063, 0.044217586517333984, 0.043725963]
[[1, 1, 0, 2, 2, 3, 0, 2, 2, 3, 0, 0, 1], 1.0422495430561058, 0.17898035049438477, 0.178677616]
[[1, 1, 0, 2, 2, 3, 0, 2, 2, 3, 0, 2, 2], 1.0591658369972754, 0.17487883567810059, 0.174568594]
[[1, 1, 0, 2, 2, 3, 0, 2, 2, 3, 0, 4, 3], 1.0442621177700777, 0.04934811592102051, 0.048747306]
[[1, 1, 0, 2, 2, 3, 0, 2, 2, 3, 0, 6, 4], 1.0422495430561065, 0.04453587532043457, 0.044018656]
[[1, 1, 0, 2, 2, 3, 0, 4, 3, 5, 0, 0, 1], 1.0422495430561058, 0.06696820259094238, 0.066306137]
[[1, 1, 0, 2, 2, 3, 0, 4, 3, 5, 0, 2, 2], 1.0422495430561067, 0.06912493705749512, 0.068450198]
[[1, 1, 0, 2, 2, 3, 0, 4, 3, 5, 0, 4, 3], 1.0425253575596363, 0.08425688743591309, 0.083451258]
[[1, 1, 0, 2, 2, 3, 0, 4, 3, 5, 0, 6, 4], 1.0422495430561067, 0.08260965347290039, 0.081802145]
[[1, 1, 0, 2, 2, 3, 0, 6, 4, 7, 0, 0, 1], 1.0422495430561058, 0.06215524673461914, 0.061481305]
[[1, 1, 0, 2, 2, 3, 0, 6, 4, 7, 0, 2, 2], 1.0422495430561063, 0.07217264175415039, 0.071502846]
[[1, 1, 0, 2, 2, 3, 0, 6, 4, 7, 0, 4, 3], 1.0422495430561058, 0.07388067245483398, 0.073081538]
[[1, 1, 0, 2, 2, 3, 0, 6, 4, 7, 0, 6, 4], 1.042249543056106, 0.09305834770202637, 0.092231175]
[[1, 1, 0, 4, 3, 5, 0, 0, 1, 1, 0, 0, 1], 1.0422495430561058, 0.07399678230285645, 0.073349777]
[[1, 1, 0, 4, 3, 5, 0, 0, 1, 1, 0, 2, 2], 1.0422495430561072, 0.08849644660949707, 0.087849604]
[[1, 1, 0, 4, 3, 5, 0, 0, 1, 1, 0, 4, 3], 1.0422495430561063, 0.1280689239501953, 0.127212858]
[[1, 1, 0, 4, 3, 5, 0, 0, 1, 1, 0, 6, 4], 1.042249543056107, 0.45366477966308594, 0.452645495]
[[1, 1, 0, 4, 3, 5, 0, 2, 2, 3, 0, 0, 1], 1.0422495430561058, 0.12912821769714355, 0.128458784]
[[1, 1, 0, 4, 3, 5, 0, 2, 2, 3, 0, 2, 2], 1.0458779247929109, 0.24849295616149902, 0.247741201]
[[1, 1, 0, 4, 3, 5, 0, 2, 2, 3, 0, 4, 3], 1.0422534843108993, 0.08119034767150879, 0.080438272]
[[1, 1, 0, 4, 3, 5, 0, 2, 2, 3, 0, 6, 4], 1.0422495430561054, 0.09754729270935059, 0.09674109]
[[1, 1, 0, 4, 3, 5, 0, 4, 3, 5, 0, 0, 1], 1.0422495430561058, 0.10156965255737305, 0.10059255]
[[1, 1, 0, 4, 3, 5, 0, 4, 3, 5, 0, 2, 2], 1.0422495430561063, 0.1152503490447998, 0.114251914]
[[1, 1, 0, 4, 3, 5, 0, 4, 3, 5, 0, 4, 3], 1.0420136177385515, 0.1171576976776123, 0.115974322]
[[1, 1, 0, 4, 3, 5, 0, 4, 3, 5, 0, 6, 4], 1.0422495430561058, 0.1544945240020752, 0.153221011]
[[1, 1, 0, 4, 3, 5, 0, 6, 4, 7, 0, 0, 1], 1.0422495430561058, 0.17101669311523438, 0.169937856]
[[1, 1, 0, 4, 3, 5, 0, 6, 4, 7, 0, 2, 2], 1.0422495430561063, 0.10223889350891113, 0.101199628]
[[1, 1, 0, 4, 3, 5, 0, 6, 4, 7, 0, 4, 3], 1.042249543056106, 0.44904470443725586, 0.447742371]
[[1, 1, 0, 4, 3, 5, 0, 6, 4, 7, 0, 6, 4], 1.042249543056108, 0.22481131553649902, 0.223511539]
[[1, 1, 0, 6, 4, 7, 0, 0, 1, 1, 0, 0, 1], 1.0422495430561058, 0.1509706974029541, 0.150263446]
[[1, 1, 0, 6, 4, 7, 0, 0, 1, 1, 0, 2, 2], 1.0422495430561072, 0.0621492862701416, 0.061445972]
[[1, 1, 0, 6, 4, 7, 0, 0, 1, 1, 0, 4, 3], 1.0422495430561058, 0.07853341102600098, 0.077704631]
[[1, 1, 0, 6, 4, 7, 0, 0, 1, 1, 0, 6, 4], 1.0422495430561063, 0.07995796203613281, 0.079133435]
[[1, 1, 0, 6, 4, 7, 0, 2, 2, 3, 0, 0, 1], 1.0422495430561058, 0.062319040298461914, 0.06164305]
[[1, 1, 0, 6, 4, 7, 0, 2, 2, 3, 0, 2, 2], 1.0422495430561063, 0.0629417896270752, 0.062283997]
[[1, 1, 0, 6, 4, 7, 0, 2, 2, 3, 0, 4, 3], 1.0422495430561058, 0.07817435264587402, 0.077352638]
[[1, 1, 0, 6, 4, 7, 0, 2, 2, 3, 0, 6, 4], 1.042249543056106, 0.10099172592163086, 0.100140987]
[[1, 1, 0, 6, 4, 7, 0, 4, 3, 5, 0, 0, 1], 1.0422495430561058, 0.1020057201385498, 0.100961796]
[[1, 1, 0, 6, 4, 7, 0, 4, 3, 5, 0, 2, 2], 1.0422495430561067, 0.11256837844848633, 0.111474744]
[[1, 1, 0, 6, 4, 7, 0, 4, 3, 5, 0, 4, 3], 1.042272973675904, 0.1267566680908203, 0.125558699]
[[1, 1, 0, 6, 4, 7, 0, 4, 3, 5, 0, 6, 4], 1.0422495430561067, 0.4260890483856201, 0.424653232]
[[1, 1, 0, 6, 4, 7, 0, 6, 4, 7, 0, 0, 1], 1.0422495430561058, 0.1401505470275879, 0.139150717]
[[1, 1, 0, 6, 4, 7, 0, 6, 4, 7, 0, 2, 2], 1.0422495430561065, 0.11290550231933594, 0.111784942]
[[1, 1, 0, 6, 4, 7, 0, 6, 4, 7, 0, 4, 3], 1.0422495430561045, 0.10892963409423828, 0.107786073]
[[1, 1, 0, 6, 4, 7, 0, 6, 4, 7, 0, 6, 4], 1.0422495430561054, 0.1677229404449463, 0.166484146]
[[2, 3, 0, 0, 1, 1, 0, 0, 1, 1, 0, 0, 1], 1.4452186170698151, 0.16649889945983887, 0.166233286]
[[2, 3, 0, 0, 1, 1, 0, 0, 1, 1, 0, 2, 2], 1.4676657043528738, 0.12712764739990234, 0.126773416]
[[2, 3, 0, 0, 1, 1, 0, 0, 1, 1, 0, 4, 3], 1.4854412077473582, 0.05126786231994629, 0.050671824]
[[2, 3, 0, 0, 1, 1, 0, 0, 1, 1, 0, 6, 4], 1.4644828803128445, 0.04400134086608887, 0.043527346]
[[2, 3, 0, 0, 1, 1, 0, 2, 2, 3, 0, 0, 1], 1.4646242992299452, 0.10006308555603027, 0.099786502]
[[2, 3, 0, 0, 1, 1, 0, 2, 2, 3, 0, 2, 2], 1.4676657043528738, 0.10760641098022461, 0.107316515]
[[2, 3, 0, 0, 1, 1, 0, 2, 2, 3, 0, 4, 3], 1.4647523599858434, 0.04292893409729004, 0.042433914]
[[2, 3, 0, 0, 1, 1, 0, 2, 2, 3, 0, 6, 4], 1.4646242992299452, 0.04260683059692383, 0.042095452]
[[2, 3, 0, 0, 1, 1, 0, 4, 3, 5, 0, 0, 1], 1.4646242992299452, 0.08476614952087402, 0.084069358]
[[2, 3, 0, 0, 1, 1, 0, 4, 3, 5, 0, 2, 2], 1.4656575712255235, 0.12523674964904785, 0.12460331]
[[2, 3, 0, 0, 1, 1, 0, 4, 3, 5, 0, 4, 3], 1.466452721940419, 0.18223786354064941, 0.181297227]
[[2, 3, 0, 0, 1, 1, 0, 4, 3, 5, 0, 6, 4], 1.4644063430045855, 0.11276793479919434, 0.111820771]
[[2, 3, 0, 0, 1, 1, 0, 6, 4, 7, 0, 0, 1], 1.4646242992299452, 0.20678162574768066, 0.205944017]
[[2, 3, 0, 0, 1, 1, 0, 6, 4, 7, 0, 2, 2], 1.464624299229942, 0.1279158592224121, 0.127257624]
[[2, 3, 0, 0, 1, 1, 0, 6, 4, 7, 0, 4, 3], 1.4646262114980426, 0.07663512229919434, 0.07586832]
[[2, 3, 0, 0, 1, 1, 0, 6, 4, 7, 0, 6, 4], 1.4646242992299436, 0.08178257942199707, 0.080889916]
[[2, 3, 0, 2, 2, 3, 0, 0, 1, 1, 0, 0, 1], 1.445218617069815, 0.044350385665893555, 0.044066305]
[[2, 3, 0, 2, 2, 3, 0, 0, 1, 1, 0, 2, 2], 1.467665704352874, 0.03786206245422363, 0.037492684]
[[2, 3, 0, 2, 2, 3, 0, 0, 1, 1, 0, 4, 3], 1.4854412077473582, 0.05913519859313965, 0.05858619]
[[2, 3, 0, 2, 2, 3, 0, 0, 1, 1, 0, 6, 4], 1.4644828803128442, 0.14604926109313965, 0.145472113]
[[2, 3, 0, 2, 2, 3, 0, 2, 2, 3, 0, 0, 1], 1.445218617069815, 0.18863487243652344, 0.188308318]
[[2, 3, 0, 2, 2, 3, 0, 2, 2, 3, 0, 2, 2], 1.0, 0.03126645088195801, 0.030948185]
[[2, 3, 0, 2, 2, 3, 0, 2, 2, 3, 0, 4, 3], 1.043054699149808, 0.0458984375, 0.045419567]
[[2, 3, 0, 2, 2, 3, 0, 2, 2, 3, 0, 6, 4], 1.1658629555315025, 0.06278562545776367, 0.062325367]
[[2, 3, 0, 2, 2, 3, 0, 4, 3, 5, 0, 0, 1], 1.4290488979504883, 0.07139039039611816, 0.070787706]
[[2, 3, 0, 2, 2, 3, 0, 4, 3, 5, 0, 2, 2], 1.3915414246130624, 0.06992483139038086, 0.06901825]
[[2, 3, 0, 2, 2, 3, 0, 4, 3, 5, 0, 4, 3], 1.4264783235382632, 0.08492398262023926, 0.083827019]
[[2, 3, 0, 2, 2, 3, 0, 4, 3, 5, 0, 6, 4], 1.4714395209716162, 0.2613809108734131, 0.260221598]
[[2, 3, 0, 2, 2, 3, 0, 6, 4, 7, 0, 0, 1], 1.4646242992299452, 0.10598611831665039, 0.105050341]
[[2, 3, 0, 2, 2, 3, 0, 6, 4, 7, 0, 2, 2], 1.457578209547156, 0.07779288291931152, 0.076718457]
[[2, 3, 0, 2, 2, 3, 0, 6, 4, 7, 0, 4, 3], 1.4634598030945545, 0.0854344367980957, 0.084526641]
[[2, 3, 0, 2, 2, 3, 0, 6, 4, 7, 0, 6, 4], 1.4645184697480127, 0.10254836082458496, 0.10159802]
[[2, 3, 0, 4, 3, 5, 0, 0, 1, 1, 0, 0, 1], 1.429048897950488, 0.07439875602722168, 0.073641368]
[[2, 3, 0, 4, 3, 5, 0, 0, 1, 1, 0, 2, 2], 1.4675979199248472, 0.06275582313537598, 0.06206888]
[[2, 3, 0, 4, 3, 5, 0, 0, 1, 1, 0, 4, 3], 1.4655470136655278, 0.4747614860534668, 0.473853872]
[[2, 3, 0, 4, 3, 5, 0, 0, 1, 1, 0, 6, 4], 1.464944663269806, 0.08959460258483887, 0.088681443]
[[2, 3, 0, 4, 3, 5, 0, 2, 2, 3, 0, 0, 1], 1.4646242992299452, 0.1478862762451172, 0.147148129]
[[2, 3, 0, 4, 3, 5, 0, 2, 2, 3, 0, 2, 2], 1.3915414246130635, 0.06925702095031738, 0.068577491]
[[2, 3, 0, 4, 3, 5, 0, 2, 2, 3, 0, 4, 3], 1.473663211329332, 0.12424397468566895, 0.123353897]
[[2, 3, 0, 4, 3, 5, 0, 2, 2, 3, 0, 6, 4], 1.4648045901206577, 0.09395837783813477, 0.093051142]
[[2, 3, 0, 4, 3, 5, 0, 4, 3, 5, 0, 0, 1], 1.4646242992299452, 0.10532402992248535, 0.104211921]
[[2, 3, 0, 4, 3, 5, 0, 4, 3, 5, 0, 2, 2], 1.469769373458964, 0.09887862205505371, 0.097750024]
[[2, 3, 0, 4, 3, 5, 0, 4, 3, 5, 0, 4, 3], 1.4672280207924626, 0.16792726516723633, 0.166576634]
[[2, 3, 0, 4, 3, 5, 0, 4, 3, 5, 0, 6, 4], 1.4649366524607474, 0.14366698265075684, 0.142385121]
[[2, 3, 0, 4, 3, 5, 0, 6, 4, 7, 0, 0, 1], 1.4646242992299452, 0.10867190361022949, 0.107546364]
[[2, 3, 0, 4, 3, 5, 0, 6, 4, 7, 0, 2, 2], 1.465748979766879, 0.10097122192382812, 0.099892297]
[[2, 3, 0, 4, 3, 5, 0, 6, 4, 7, 0, 4, 3], 1.4655905348170861, 0.11091136932373047, 0.10966757]
[[2, 3, 0, 4, 3, 5, 0, 6, 4, 7, 0, 6, 4], 1.4646403141040818, 0.11542940139770508, 0.114084255]
[[2, 3, 0, 6, 4, 7, 0, 0, 1, 1, 0, 0, 1], 1.4646242992299452, 0.10946369171142578, 0.108764723]
[[2, 3, 0, 6, 4, 7, 0, 0, 1, 1, 0, 2, 2], 1.4646242992299425, 0.07678413391113281, 0.07607381]
[[2, 3, 0, 6, 4, 7, 0, 0, 1, 1, 0, 4, 3], 1.4646242992299494, 0.09111523628234863, 0.090232401]
[[2, 3, 0, 6, 4, 7, 0, 0, 1, 1, 0, 6, 4], 1.4646242992299452, 0.09871625900268555, 0.097793204]
[[2, 3, 0, 6, 4, 7, 0, 2, 2, 3, 0, 0, 1], 1.4646242992299452, 0.06700301170349121, 0.066343928]
[[2, 3, 0, 6, 4, 7, 0, 2, 2, 3, 0, 2, 2], 1.4575782095471563, 0.0644371509552002, 0.0637565]
[[2, 3, 0, 6, 4, 7, 0, 2, 2, 3, 0, 4, 3], 1.4667669214310255, 0.07487916946411133, 0.074007159]
[[2, 3, 0, 6, 4, 7, 0, 2, 2, 3, 0, 6, 4], 1.4646323066232343, 0.20847058296203613, 0.20756348]
[[2, 3, 0, 6, 4, 7, 0, 4, 3, 5, 0, 0, 1], 1.4646242992299452, 0.11551690101623535, 0.114450248]
[[2, 3, 0, 6, 4, 7, 0, 4, 3, 5, 0, 2, 2], 1.4651632368209377, 0.37098264694213867, 0.369727733]
[[2, 3, 0, 6, 4, 7, 0, 4, 3, 5, 0, 4, 3], 1.4609092560578274, 0.11746025085449219, 0.116174754]
[[2, 3, 0, 6, 4, 7, 0, 4, 3, 5, 0, 6, 4], 1.4646242992299436, 0.11245250701904297, 0.111121124]
[[2, 3, 0, 6, 4, 7, 0, 6, 4, 7, 0, 0, 1], 1.4646242992299452, 0.11269903182983398, 0.111665208]
[[2, 3, 0, 6, 4, 7, 0, 6, 4, 7, 0, 2, 2], 1.464624299229942, 0.09374213218688965, 0.092635285]
[[2, 3, 0, 6, 4, 7, 0, 6, 4, 7, 0, 4, 3], 1.464627167633962, 0.11947464942932129, 0.118147818]
[[2, 3, 0, 6, 4, 7, 0, 6, 4, 7, 0, 6, 4], 1.4646242992299452, 0.12172436714172363, 0.120353896]
[[3, 5, 0, 0, 1, 1, 0, 0, 1, 1, 0, 0, 1], 1.225852327398447, 0.06517982482910156, 0.064663359]
[[3, 5, 0, 0, 1, 1, 0, 0, 1, 1, 0, 2, 2], 1.1747080025835694, 0.05593061447143555, 0.055384934]
[[3, 5, 0, 0, 1, 1, 0, 0, 1, 1, 0, 4, 3], 1.183891594326122, 0.06616044044494629, 0.065506792]
[[3, 5, 0, 0, 1, 1, 0, 0, 1, 1, 0, 6, 4], 1.1733875879488216, 0.06051993370056152, 0.059825808]
[[3, 5, 0, 0, 1, 1, 0, 2, 2, 3, 0, 0, 1], 1.1740271456526616, 0.044115304946899414, 0.043628922]
[[3, 5, 0, 0, 1, 1, 0, 2, 2, 3, 0, 2, 2], 1.1747080025835692, 0.07140064239501953, 0.070770097]
[[3, 5, 0, 0, 1, 1, 0, 2, 2, 3, 0, 4, 3], 1.1742172339056505, 0.12008023262023926, 0.119287541]
[[3, 5, 0, 0, 1, 1, 0, 2, 2, 3, 0, 6, 4], 1.1740271456526612, 0.0568842887878418, 0.056191723]
[[3, 5, 0, 0, 1, 1, 0, 4, 3, 5, 0, 0, 1], 1.1740271456526616, 0.0847015380859375, 0.083853914]
[[3, 5, 0, 0, 1, 1, 0, 4, 3, 5, 0, 2, 2], 1.1722435392973325, 0.0816187858581543, 0.080785769]
[[3, 5, 0, 0, 1, 1, 0, 4, 3, 5, 0, 4, 3], 1.1741980501950144, 0.09556102752685547, 0.094520551]
[[3, 5, 0, 0, 1, 1, 0, 4, 3, 5, 0, 6, 4], 1.1737323165871905, 0.12937664985656738, 0.128265148]
[[3, 5, 0, 0, 1, 1, 0, 6, 4, 7, 0, 0, 1], 1.1740271456526616, 0.14479708671569824, 0.143932181]
[[3, 5, 0, 0, 1, 1, 0, 6, 4, 7, 0, 2, 2], 1.1740271456526625, 0.0929262638092041, 0.092027493]
[[3, 5, 0, 0, 1, 1, 0, 6, 4, 7, 0, 4, 3], 1.174021233607543, 0.10369086265563965, 0.102660082]
[[3, 5, 0, 0, 1, 1, 0, 6, 4, 7, 0, 6, 4], 1.174027145652661, 0.09140849113464355, 0.090375614]
[[3, 5, 0, 2, 2, 3, 0, 0, 1, 1, 0, 0, 1], 1.182438643012191, 0.049222707748413086, 0.04873632]
[[3, 5, 0, 2, 2, 3, 0, 0, 1, 1, 0, 2, 2], 1.1741950169043964, 0.04944419860839844, 0.048942029]
[[3, 5, 0, 2, 2, 3, 0, 0, 1, 1, 0, 4, 3], 1.1778197074342784, 0.743619441986084, 0.742906853]
[[3, 5, 0, 2, 2, 3, 0, 0, 1, 1, 0, 6, 4], 1.174029177105677, 0.06555700302124023, 0.064781107]
[[3, 5, 0, 2, 2, 3, 0, 2, 2, 3, 0, 0, 1], 1.182438643012191, 0.0482487678527832, 0.047662939]
[[3, 5, 0, 2, 2, 3, 0, 2, 2, 3, 0, 2, 2], 1.1727252710933462, 0.21029996871948242, 0.209657665]
[[3, 5, 0, 2, 2, 3, 0, 2, 2, 3, 0, 4, 3], 1.2516968868838332, 0.08012890815734863, 0.079317907]
[[3, 5, 0, 2, 2, 3, 0, 2, 2, 3, 0, 6, 4], 1.2081779957278445, 0.17606902122497559, 0.175312561]
[[3, 5, 0, 2, 2, 3, 0, 4, 3, 5, 0, 0, 1], 1.1741234357914059, 0.08057618141174316, 0.079695026]
[[3, 5, 0, 2, 2, 3, 0, 4, 3, 5, 0, 2, 2], 1.1858881597352717, 0.08005833625793457, 0.079165683]
[[3, 5, 0, 2, 2, 3, 0, 4, 3, 5, 0, 4, 3], 1.1826349601855644, 0.16027331352233887, 0.159143894]
[[3, 5, 0, 2, 2, 3, 0, 4, 3, 5, 0, 6, 4], 1.1740947057028188, 0.0940396785736084, 0.093020595]
[[3, 5, 0, 2, 2, 3, 0, 6, 4, 7, 0, 0, 1], 1.1740271456526616, 0.07589840888977051, 0.075056692]
[[3, 5, 0, 2, 2, 3, 0, 6, 4, 7, 0, 2, 2], 1.175927488345596, 0.07655787467956543, 0.075692672]
[[3, 5, 0, 2, 2, 3, 0, 6, 4, 7, 0, 4, 3], 1.1761791345102652, 0.11287236213684082, 0.111759091]
[[3, 5, 0, 2, 2, 3, 0, 6, 4, 7, 0, 6, 4], 1.1740444132273855, 0.09770798683166504, 0.096615584]
[[3, 5, 0, 4, 3, 5, 0, 0, 1, 1, 0, 0, 1], 1.251870637501974, 0.08879423141479492, 0.087910209]
[[3, 5, 0, 4, 3, 5, 0, 0, 1, 1, 0, 2, 2], 1.1874317372452086, 0.08527302742004395, 0.084329174]
[[3, 5, 0, 4, 3, 5, 0, 0, 1, 1, 0, 4, 3], 1.2334812322232171, 0.10448551177978516, 0.10347562]
[[3, 5, 0, 4, 3, 5, 0, 0, 1, 1, 0, 6, 4], 1.1748904689207305, 0.09953999519348145, 0.098531734]
[[3, 5, 0, 4, 3, 5, 0, 2, 2, 3, 0, 0, 1], 1.1757821018800445, 0.07978081703186035, 0.078904077]
[[3, 5, 0, 4, 3, 5, 0, 2, 2, 3, 0, 2, 2], 1.272722336973026, 0.0905606746673584, 0.089635773]
[[3, 5, 0, 4, 3, 5, 0, 2, 2, 3, 0, 4, 3], 1.2368644775093942, 0.09547019004821777, 0.094413918]
[[3, 5, 0, 4, 3, 5, 0, 2, 2, 3, 0, 6, 4], 1.1906740002219645, 0.09265398979187012, 0.091563689]
[[3, 5, 0, 4, 3, 5, 0, 4, 3, 5, 0, 0, 1], 1.2206150477677986, 0.22829127311706543, 0.22698229]
[[3, 5, 0, 4, 3, 5, 0, 4, 3, 5, 0, 2, 2], 1.233554202082131, 0.12709736824035645, 0.125823767]
[[3, 5, 0, 4, 3, 5, 0, 4, 3, 5, 0, 4, 3], 1.232142308697164, 0.3630211353302002, 0.361458783]
[[3, 5, 0, 4, 3, 5, 0, 4, 3, 5, 0, 6, 4], 1.2274100522843079, 0.16969633102416992, 0.168143383]
[[3, 5, 0, 4, 3, 5, 0, 6, 4, 7, 0, 0, 1], 1.17410417650009, 0.1954197883605957, 0.194056959]
[[3, 5, 0, 4, 3, 5, 0, 6, 4, 7, 0, 2, 2], 1.2096721002944348, 0.12019705772399902, 0.118785446]
[[3, 5, 0, 4, 3, 5, 0, 6, 4, 7, 0, 4, 3], 1.1992289962795541, 0.15732955932617188, 0.155751643]
[[3, 5, 0, 4, 3, 5, 0, 6, 4, 7, 0, 6, 4], 1.174726041509723, 0.1255817413330078, 0.124024738]
[[3, 5, 0, 6, 4, 7, 0, 0, 1, 1, 0, 0, 1], 1.17410417650009, 0.07713484764099121, 0.076237092]
[[3, 5, 0, 6, 4, 7, 0, 0, 1, 1, 0, 2, 2], 1.1740286785062772, 0.07631444931030273, 0.075394658]
[[3, 5, 0, 6, 4, 7, 0, 0, 1, 1, 0, 4, 3], 1.1740413563306058, 0.12557268142700195, 0.124567448]
[[3, 5, 0, 6, 4, 7, 0, 0, 1, 1, 0, 6, 4], 1.174027145652661, 0.1015629768371582, 0.100460904]
[[3, 5, 0, 6, 4, 7, 0, 2, 2, 3, 0, 0, 1], 1.1740271456526616, 0.08291506767272949, 0.08197397]
[[3, 5, 0, 6, 4, 7, 0, 2, 2, 3, 0, 2, 2], 1.2317259644699314, 0.07668614387512207, 0.075802577]
[[3, 5, 0, 6, 4, 7, 0, 2, 2, 3, 0, 4, 3], 1.1772474822250074, 0.10413575172424316, 0.103039075]
[[3, 5, 0, 6, 4, 7, 0, 2, 2, 3, 0, 6, 4], 1.1740410273883863, 0.11356163024902344, 0.112425982]
[[3, 5, 0, 6, 4, 7, 0, 4, 3, 5, 0, 0, 1], 1.1740271456526616, 0.11435556411743164, 0.112929728]
[[3, 5, 0, 6, 4, 7, 0, 4, 3, 5, 0, 2, 2], 1.1745569966098335, 0.11730504035949707, 0.115937826]
[[3, 5, 0, 6, 4, 7, 0, 4, 3, 5, 0, 4, 3], 1.176393804886739, 0.12659096717834473, 0.125135335]
[[3, 5, 0, 6, 4, 7, 0, 4, 3, 5, 0, 6, 4], 1.1740281613782906, 0.17446136474609375, 0.172897323]
[[3, 5, 0, 6, 4, 7, 0, 6, 4, 7, 0, 0, 1], 1.1740271456526616, 0.12247753143310547, 0.121168046]
[[3, 5, 0, 6, 4, 7, 0, 6, 4, 7, 0, 2, 2], 1.174029444934586, 0.11713552474975586, 0.115874028]
[[3, 5, 0, 6, 4, 7, 0, 6, 4, 7, 0, 4, 3], 1.174029611776936, 0.13814949989318848, 0.136733053]
[[3, 5, 0, 6, 4, 7, 0, 6, 4, 7, 0, 6, 4], 1.174027145652661, 0.12716364860534668, 0.125686357]
[[4, 7, 0, 0, 1, 1, 0, 0, 1, 1, 0, 0, 1], 1.310780236999969, 0.04362344741821289, 0.043168548]
[[4, 7, 0, 0, 1, 1, 0, 0, 1, 1, 0, 2, 2], 1.2953544833887036, 0.07512593269348145, 0.074595395]
[[4, 7, 0, 0, 1, 1, 0, 0, 1, 1, 0, 4, 3], 1.3036110844117292, 0.06199049949645996, 0.061263275]
[[4, 7, 0, 0, 1, 1, 0, 0, 1, 1, 0, 6, 4], 1.2945103195901917, 0.06465697288513184, 0.063888808]
[[4, 7, 0, 0, 1, 1, 0, 2, 2, 3, 0, 0, 1], 1.2945103195901937, 0.049527645111083984, 0.049027843]
[[4, 7, 0, 0, 1, 1, 0, 2, 2, 3, 0, 2, 2], 1.2953544833887034, 0.09128785133361816, 0.090692606]
[[4, 7, 0, 0, 1, 1, 0, 2, 2, 3, 0, 4, 3], 1.2945099818845012, 0.0583341121673584, 0.057644334]
[[4, 7, 0, 0, 1, 1, 0, 2, 2, 3, 0, 6, 4], 1.2945103195901912, 0.057626962661743164, 0.056930561]
[[4, 7, 0, 0, 1, 1, 0, 4, 3, 5, 0, 0, 1], 1.2945103195901937, 0.149979829788208, 0.149128109]
[[4, 7, 0, 0, 1, 1, 0, 4, 3, 5, 0, 2, 2], 1.2947934738133207, 0.08012723922729492, 0.07926167]
[[4, 7, 0, 0, 1, 1, 0, 4, 3, 5, 0, 4, 3], 1.2953590593982847, 0.09476518630981445, 0.09377076]
[[4, 7, 0, 0, 1, 1, 0, 4, 3, 5, 0, 6, 4], 1.2945103195901917, 0.12382054328918457, 0.122754915]
[[4, 7, 0, 0, 1, 1, 0, 6, 4, 7, 0, 0, 1], 1.2945103195901937, 0.1143498420715332, 0.113447615]
[[4, 7, 0, 0, 1, 1, 0, 6, 4, 7, 0, 2, 2], 1.2945103195901912, 0.1101384162902832, 0.10924958]
[[4, 7, 0, 0, 1, 1, 0, 6, 4, 7, 0, 4, 3], 1.2945103195901924, 0.10964345932006836, 0.108576633]
[[4, 7, 0, 0, 1, 1, 0, 6, 4, 7, 0, 6, 4], 1.2945103195901908, 0.09294676780700684, 0.091883082]
[[4, 7, 0, 2, 2, 3, 0, 0, 1, 1, 0, 0, 1], 1.2945103195901937, 0.07562708854675293, 0.075107377]
[[4, 7, 0, 2, 2, 3, 0, 0, 1, 1, 0, 2, 2], 1.2945103195901912, 0.04604768753051758, 0.045546316]
[[4, 7, 0, 2, 2, 3, 0, 0, 1, 1, 0, 4, 3], 1.294510319590193, 0.08313298225402832, 0.082348889]
[[4, 7, 0, 2, 2, 3, 0, 0, 1, 1, 0, 6, 4], 1.2945103195901917, 0.0642862319946289, 0.063601625]
[[4, 7, 0, 2, 2, 3, 0, 2, 2, 3, 0, 0, 1], 1.2945103195901937, 0.04608297348022461, 0.045598059]
[[4, 7, 0, 2, 2, 3, 0, 2, 2, 3, 0, 2, 2], 1.1672408961098153, 0.04528021812438965, 0.044745962]
[[4, 7, 0, 2, 2, 3, 0, 2, 2, 3, 0, 4, 3], 1.309473125870995, 0.06082510948181152, 0.060084862]
[[4, 7, 0, 2, 2, 3, 0, 2, 2, 3, 0, 6, 4], 1.2950408074959274, 0.07127165794372559, 0.070558363]
[[4, 7, 0, 2, 2, 3, 0, 4, 3, 5, 0, 0, 1], 1.2945103195901937, 0.09190940856933594, 0.090970159]
[[4, 7, 0, 2, 2, 3, 0, 4, 3, 5, 0, 2, 2], 1.2948083215299568, 0.08140444755554199, 0.080533904]
[[4, 7, 0, 2, 2, 3, 0, 4, 3, 5, 0, 4, 3], 1.2944132025857165, 0.09272217750549316, 0.091720603]
[[4, 7, 0, 2, 2, 3, 0, 4, 3, 5, 0, 6, 4], 1.2945103195901917, 0.09758162498474121, 0.096494025]
[[4, 7, 0, 2, 2, 3, 0, 6, 4, 7, 0, 0, 1], 1.2945103195901937, 0.08506011962890625, 0.084085931]
[[4, 7, 0, 2, 2, 3, 0, 6, 4, 7, 0, 2, 2], 1.2945173969364105, 0.08113598823547363, 0.080203176]
[[4, 7, 0, 2, 2, 3, 0, 6, 4, 7, 0, 4, 3], 1.2945256259229434, 0.08999061584472656, 0.088934679]
[[4, 7, 0, 2, 2, 3, 0, 6, 4, 7, 0, 6, 4], 1.2945103195901912, 0.0991518497467041, 0.098103171]
[[4, 7, 0, 4, 3, 5, 0, 0, 1, 1, 0, 0, 1], 1.2984341590819248, 0.07985353469848633, 0.078962182]
[[4, 7, 0, 4, 3, 5, 0, 0, 1, 1, 0, 2, 2], 1.2946731181343778, 0.08925437927246094, 0.088275347]
[[4, 7, 0, 4, 3, 5, 0, 0, 1, 1, 0, 4, 3], 1.296764990714087, 0.09598803520202637, 0.094959761]
[[4, 7, 0, 4, 3, 5, 0, 0, 1, 1, 0, 6, 4], 1.294510319590191, 0.13286852836608887, 0.131790889]
[[4, 7, 0, 4, 3, 5, 0, 2, 2, 3, 0, 0, 1], 1.2945103195901937, 0.08732914924621582, 0.086386434]
[[4, 7, 0, 4, 3, 5, 0, 2, 2, 3, 0, 2, 2], 1.3025659646319772, 0.08949017524719238, 0.088572759]
[[4, 7, 0, 4, 3, 5, 0, 2, 2, 3, 0, 4, 3], 1.2959888106405926, 0.09489774703979492, 0.093861341]
[[4, 7, 0, 4, 3, 5, 0, 2, 2, 3, 0, 6, 4], 1.2945103195901917, 0.09892153739929199, 0.097834396]
[[4, 7, 0, 4, 3, 5, 0, 4, 3, 5, 0, 0, 1], 1.2945103195901937, 0.1150655746459961, 0.113801072]
[[4, 7, 0, 4, 3, 5, 0, 4, 3, 5, 0, 2, 2], 1.294737517065524, 0.7373561859130859, 0.735783138]
[[4, 7, 0, 4, 3, 5, 0, 4, 3, 5, 0, 4, 3], 1.2948496098128344, 0.18897342681884766, 0.187555235]
[[4, 7, 0, 4, 3, 5, 0, 4, 3, 5, 0, 6, 4], 1.2945103195901917, 0.13182497024536133, 0.13035005]
[[4, 7, 0, 4, 3, 5, 0, 6, 4, 7, 0, 0, 1], 1.2945103195901937, 0.308837890625, 0.307412281]
[[4, 7, 0, 4, 3, 5, 0, 6, 4, 7, 0, 2, 2], 1.2945103195901912, 0.12551474571228027, 0.124157474]
[[4, 7, 0, 4, 3, 5, 0, 6, 4, 7, 0, 4, 3], 1.294511439553487, 0.1464548110961914, 0.145050194]
[[4, 7, 0, 4, 3, 5, 0, 6, 4, 7, 0, 6, 4], 1.2945103195901912, 0.1248931884765625, 0.123446967]
[[4, 7, 0, 6, 4, 7, 0, 0, 1, 1, 0, 0, 1], 1.2945103195901937, 0.07662200927734375, 0.075730688]
[[4, 7, 0, 6, 4, 7, 0, 0, 1, 1, 0, 2, 2], 1.294510319590191, 0.0777132511138916, 0.076781619]
[[4, 7, 0, 6, 4, 7, 0, 0, 1, 1, 0, 4, 3], 1.2945103195901924, 0.09281134605407715, 0.091767841]
[[4, 7, 0, 6, 4, 7, 0, 0, 1, 1, 0, 6, 4], 1.294510319590192, 0.09438800811767578, 0.093343819]
[[4, 7, 0, 6, 4, 7, 0, 2, 2, 3, 0, 0, 1], 1.2945103195901937, 0.13401246070861816, 0.133057673]
[[4, 7, 0, 6, 4, 7, 0, 2, 2, 3, 0, 2, 2], 1.2960423496427507, 0.0813138484954834, 0.080400632]
[[4, 7, 0, 6, 4, 7, 0, 2, 2, 3, 0, 4, 3], 1.2945293592297433, 0.10694718360900879, 0.105951201]
[[4, 7, 0, 6, 4, 7, 0, 2, 2, 3, 0, 6, 4], 1.2945103195901917, 0.09047341346740723, 0.089422546]
[[4, 7, 0, 6, 4, 7, 0, 4, 3, 5, 0, 0, 1], 1.2945103195901937, 0.11015152931213379, 0.108949914]
[[4, 7, 0, 6, 4, 7, 0, 4, 3, 5, 0, 2, 2], 1.2945244743600162, 0.11500215530395508, 0.113733879]
[[4, 7, 0, 6, 4, 7, 0, 4, 3, 5, 0, 4, 3], 1.294827491274189, 0.13747072219848633, 0.136056188]
[[4, 7, 0, 6, 4, 7, 0, 4, 3, 5, 0, 6, 4], 1.2945103195901917, 0.14281511306762695, 0.141400871]
[[4, 7, 0, 6, 4, 7, 0, 6, 4, 7, 0, 0, 1], 1.2945103195901937, 0.13440227508544922, 0.133056159]
[[4, 7, 0, 6, 4, 7, 0, 6, 4, 7, 0, 2, 2], 1.2945103195901915, 0.10927534103393555, 0.107931663]
[[4, 7, 0, 6, 4, 7, 0, 6, 4, 7, 0, 4, 3], 1.294510319590192, 0.14857816696166992, 0.147165248]
[[4, 7, 0, 6, 4, 7, 0, 6, 4, 7, 0, 6, 4], 1.294510319590191, 0.1354694366455078, 0.133897366]
