[[0, 0, 1, 1, 0, 0, 1, 1, 0], 10955.382383194239, 0.00022792816162109375, 0]
[[0, 0, 1, 1, 0, 2, 2, 3, 0], 65557.04164250554, 0.00022745132446289062, 0]
[[0, 0, 1, 1, 0, 4, 3, 5, 0], 1451.713447614065, 0.0006844997406005859, 0]
[[0, 0, 1, 1, 0, 6, 4, 7, 0], 2854.8842001865714, 0.0006616115570068359, 0]
[[0, 2, 2, 3, 0, 0, 1, 1, 0], 65557.04164250554, 0.0002205371856689453, 0]
[[0, 2, 2, 3, 0, 2, 2, 3, 0], 765.4355402929419, 0.00023651123046875, 0]
[[0, 2, 2, 3, 0, 4, 3, 5, 0], 1066.2453801353424, 0.0007097721099853516, 0]
[[0, 2, 2, 3, 0, 6, 4, 7, 0], 2329.8840936792776, 0.0006511211395263672, 0]
[[0, 4, 3, 5, 0, 0, 1, 1, 0], 1451.713447614065, 0.0007035732269287109, 0]
[[0, 4, 3, 5, 0, 2, 2, 3, 0], 1066.2453801353424, 0.0007672309875488281, 0]
[[0, 4, 3, 5, 0, 4, 3, 5, 0], 55.383423962315575, 0.0011191368103027344, 0]
[[0, 4, 3, 5, 0, 6, 4, 7, 0], 112.41539223958706, 0.001093149185180664, 0]
[[0, 6, 4, 7, 0, 0, 1, 1, 0], 2854.8842001865714, 0.0006742477416992188, 0]
[[0, 6, 4, 7, 0, 2, 2, 3, 0], 2329.8840936792776, 0.0006959438323974609, 0]
[[0, 6, 4, 7, 0, 4, 3, 5, 0], 112.41539223958706, 0.0010797977447509766, 0]
[[0, 6, 4, 7, 0, 6, 4, 7, 0], 121.84957813264153, 0.0010762214660644531, 0]
[[1, 1, 0, 0, 1, 1, 0, 0, 1], 2251.4252138598936, 0.0002503395080566406, 0]
[[1, 1, 0, 0, 1, 1, 0, 2, 2], 7.201680012346721, 0.00023865699768066406, 0]
[[1, 1, 0, 0, 1, 1, 0, 4, 3], 7.022351181350891, 0.000492095947265625, 0]
[[1, 1, 0, 0, 1, 1, 0, 6, 4], 24.298352819529352, 0.0004177093505859375, 0]
[[1, 1, 0, 2, 2, 3, 0, 0, 1], 281.4281517324867, 0.00023674964904785156, 0]
[[1, 1, 0, 2, 2, 3, 0, 2, 2], 7.201680012346721, 0.00022935867309570312, 0]
[[1, 1, 0, 2, 2, 3, 0, 4, 3], 1.4430364459161698, 0.0004413127899169922, 0]
[[1, 1, 0, 2, 2, 3, 0, 6, 4], 23.951233493536076, 0.0004818439483642578, 0]
[[1, 1, 0, 4, 3, 5, 0, 0, 1], 6593.728334942552, 0.0006549358367919922, 0]
[[1, 1, 0, 4, 3, 5, 0, 2, 2], 138.5418954157332, 0.0006737709045410156, 0]
[[1, 1, 0, 4, 3, 5, 0, 4, 3], 36.985667716007434, 0.0008757114410400391, 0]
[[1, 1, 0, 4, 3, 5, 0, 6, 4], 562.8670313088065, 0.0008599758148193359, 0]
[[1, 1, 0, 6, 4, 7, 0, 0, 1], 6593.728334942552, 0.0006411075592041016, 0]
[[1, 1, 0, 6, 4, 7, 0, 2, 2], 131.21847432721495, 0.0006868839263916016, 0]
[[1, 1, 0, 6, 4, 7, 0, 4, 3], 33.505748583092625, 0.0009210109710693359, 0]
[[1, 1, 0, 6, 4, 7, 0, 6, 4], 561.1660595108953, 0.0009646415710449219, 0]
[[2, 3, 0, 0, 1, 1, 0, 0, 1], 7.201680012346721, 0.0002295970916748047, 0]
[[2, 3, 0, 0, 1, 1, 0, 2, 2], 8.824299327242207, 0.0002377033233642578, 0]
[[2, 3, 0, 0, 1, 1, 0, 4, 3], 30.420695744535408, 0.0004544258117675781, 0]
[[2, 3, 0, 0, 1, 1, 0, 6, 4], 2.0964874962290807, 0.00044727325439453125, 0]
[[2, 3, 0, 2, 2, 3, 0, 0, 1], 7.201680012346721, 0.00023436546325683594, 0]
[[2, 3, 0, 2, 2, 3, 0, 2, 2], 44.80448186785858, 0.00025153160095214844, 0]
[[2, 3, 0, 2, 2, 3, 0, 4, 3], 1.4980581458919071, 0.0004677772521972656, 0]
[[2, 3, 0, 2, 2, 3, 0, 6, 4], 1.760444438270527, 0.0004451274871826172, 0]
[[2, 3, 0, 4, 3, 5, 0, 0, 1], 138.5418954157332, 0.0006606578826904297, 0]
[[2, 3, 0, 4, 3, 5, 0, 2, 2], 4.056118929607106, 0.0006885528564453125, 0]
[[2, 3, 0, 4, 3, 5, 0, 4, 3], 1.0209041680530118, 0.0008578300476074219, 0]
[[2, 3, 0, 4, 3, 5, 0, 6, 4], 11.346070713486338, 0.00087738037109375, 0]
[[2, 3, 0, 6, 4, 7, 0, 0, 1], 131.21847432721495, 0.0006952285766601562, 0]
[[2, 3, 0, 6, 4, 7, 0, 2, 2], 2.9528563971977393, 0.000705718994140625, 0]
[[2, 3, 0, 6, 4, 7, 0, 4, 3], 1.3426746838452241, 0.0008635520935058594, 0]
[[2, 3, 0, 6, 4, 7, 0, 6, 4], 11.184788977641087, 0.0008962154388427734, 0]
[[3, 5, 0, 0, 1, 1, 0, 0, 1], 7.022351181350892, 0.0004734992980957031, 0]
[[3, 5, 0, 0, 1, 1, 0, 2, 2], 30.420695744535404, 0.0004489421844482422, 0]
[[3, 5, 0, 0, 1, 1, 0, 4, 3], 51.403612024600186, 0.0007159709930419922, 0]
[[3, 5, 0, 0, 1, 1, 0, 6, 4], 8.154109730313666, 0.0007066726684570312, 0]
[[3, 5, 0, 2, 2, 3, 0, 0, 1], 1.44303644591617, 0.0004398822784423828, 0]
[[3, 5, 0, 2, 2, 3, 0, 2, 2], 1.4980581458919073, 0.00043010711669921875, 0]
[[3, 5, 0, 2, 2, 3, 0, 4, 3], 47.023616590613045, 0.0007631778717041016, 0]
[[3, 5, 0, 2, 2, 3, 0, 6, 4], 7.40395323709152, 0.0007696151733398438, 0]
[[3, 5, 0, 4, 3, 5, 0, 0, 1], 36.98566771600745, 0.0010447502136230469, 0]
[[3, 5, 0, 4, 3, 5, 0, 2, 2], 1.020904168053012, 0.0009210109710693359, 0]
[[3, 5, 0, 4, 3, 5, 0, 4, 3], 4.004462953520754, 0.00109100341796875, 0]
[[3, 5, 0, 4, 3, 5, 0, 6, 4], 3.0411814813605256, 0.0010766983032226562, 0]
[[3, 5, 0, 6, 4, 7, 0, 0, 1], 33.50574858309263, 0.0008819103240966797, 0]
[[3, 5, 0, 6, 4, 7, 0, 2, 2], 1.342674683845224, 0.0008599758148193359, 0]
[[3, 5, 0, 6, 4, 7, 0, 4, 3], 5.358122686949904, 0.0010676383972167969, 0]
[[3, 5, 0, 6, 4, 7, 0, 6, 4], 2.8558518892300278, 0.0011508464813232422, 0]
[[4, 7, 0, 0, 1, 1, 0, 0, 1], 24.298352819529356, 0.00042891502380371094, 0]
[[4, 7, 0, 0, 1, 1, 0, 2, 2], 2.0964874962290803, 0.0004642009735107422, 0]
[[4, 7, 0, 0, 1, 1, 0, 4, 3], 8.154109730313666, 0.0006966590881347656, 0]
[[4, 7, 0, 0, 1, 1, 0, 6, 4], 2.038394461713916, 0.0007240772247314453, 0]
[[4, 7, 0, 2, 2, 3, 0, 0, 1], 23.95123349353608, 0.00043892860412597656, 0]
[[4, 7, 0, 2, 2, 3, 0, 2, 2], 1.7604444382705273, 0.0004742145538330078, 0]
[[4, 7, 0, 2, 2, 3, 0, 4, 3], 7.40395323709152, 0.0007123947143554688, 0]
[[4, 7, 0, 2, 2, 3, 0, 6, 4], 2.040286672998619, 0.0007574558258056641, 0]
[[4, 7, 0, 4, 3, 5, 0, 0, 1], 562.8670313088066, 0.0009527206420898438, 0]
[[4, 7, 0, 4, 3, 5, 0, 2, 2], 11.34607071348634, 0.0008640289306640625, 0]
[[4, 7, 0, 4, 3, 5, 0, 4, 3], 3.0411814813605256, 0.0011188983917236328, 0]
[[4, 7, 0, 4, 3, 5, 0, 6, 4], 47.76646178139119, 0.001125335693359375, 0]
[[4, 7, 0, 6, 4, 7, 0, 0, 1], 561.1660595108954, 0.0009267330169677734, 0]
[[4, 7, 0, 6, 4, 7, 0, 2, 2], 11.18478897764109, 0.0008711814880371094, 0]
[[4, 7, 0, 6, 4, 7, 0, 4, 3], 2.8558518892300278, 0.0010993480682373047, 0]
[[4, 7, 0, 6, 4, 7, 0, 6, 4], 47.75907841443677, 0.0011372566223144531, 0]
